label,0mean,0std,0max,0min,0range,0CV,0RMS,0MAD,0skew,0kurt,0Q1,0Median,0Q3,0IQR,0SF,0IF,0CF,1mean,1std,1max,1min,1range,1CV,1RMS,1MAD,1skew,1kurt,1Q1,1Median,1Q3,1IQR,1SF,1IF,1CF,2mean,2std,2max,2min,2range,2CV,2RMS,2MAD,2skew,2kurt,2Q1,2Median,2Q3,2IQR,2SF,2IF,2CF,3mean,3std,3max,3min,3range,3CV,3RMS,3MAD,3skew,3kurt,3Q1,3Median,3Q3,3IQR,3SF,3IF,3CF,4mean,4std,4max,4min,4range,4CV,4RMS,4MAD,4skew,4kurt,4Q1,4Median,4Q3,4IQR,4SF,4IF,4CF,5mean,5std,5max,5min,5range,5CV,5RMS,5MAD,5skew,5kurt,5Q1,5Median,5Q3,5IQR,5SF,5IF,5CF,6mean,6std,6max,6min,6range,6CV,6RMS,6MAD,6skew,6kurt,6Q1,6Median,6Q3,6IQR,6SF,6IF,6CF,7mean,7std,7max,7min,7range,7CV,7RMS,7MAD,7skew,7kurt,7Q1,7Median,7Q3,7IQR,7SF,7IF,7CF,8mean,8std,8max,8min,8range,8CV,8RMS,8MAD,8skew,8kurt,8Q1,8Median,8Q3,8IQR,8SF,8IF,8CF,9mean,9std,9max,9min,9range,9CV,9RMS,9MAD,9skew,9kurt,9Q1,9Median,9Q3,9IQR,9SF,9IF,9CF,10mean,10std,10max,10min,10range,10CV,10RMS,10MAD,10skew,10kurt,10Q1,10Median,10Q3,10IQR,10SF,10IF,10CF,11mean,11std,11max,11min,11range,11CV,11RMS,11MAD,11skew,11kurt,11Q1,11Median,11Q3,11IQR,11SF,11IF,11CF,12mean,12std,12max,12min,12range,12CV,12RMS,12MAD,12skew,12kurt,12Q1,12Median,12Q3,12IQR,12SF,12IF,12CF,13mean,13std,13max,13min,13range,13CV,13RMS,13MAD,13skew,13kurt,13Q1,13Median,13Q3,13IQR,13SF,13IF,13CF,14mean,14std,14max,14min,14range,14CV,14RMS,14MAD,14skew,14kurt,14Q1,14Median,14Q3,14IQR,14SF,14IF,14CF,15mean,15std,15max,15min,15range,15CV,15RMS,15MAD,15skew,15kurt,15Q1,15Median,15Q3,15IQR,15SF,15IF,15CF,0mean,0std,0max,0min,0range,0CV,0RMS,0MAD,0skew,0kurt,0Q1,0Median,0Q3,0IQR,0SF,0IF,0CF,1mean,1std,1max,1min,1range,1CV,1RMS,1MAD,1skew,1kurt,1Q1,1Median,1Q3,1IQR,1SF,1IF,1CF,2mean,2std,2max,2min,2range,2CV,2RMS,2MAD,2skew,2kurt,2Q1,2Median,2Q3,2IQR,2SF,2IF,2CF,3mean,3std,3max,3min,3range,3CV,3RMS,3MAD,3skew,3kurt,3Q1,3Median,3Q3,3IQR,3SF,3IF,3CF,4mean,4std,4max,4min,4range,4CV,4RMS,4MAD,4skew,4kurt,4Q1,4Median,4Q3,4IQR,4SF,4IF,4CF,5mean,5std,5max,5min,5range,5CV,5RMS,5MAD,5skew,5kurt,5Q1,5Median,5Q3,5IQR,5SF,5IF,5CF,6mean,6std,6max,6min,6range,6CV,6RMS,6MAD,6skew,6kurt,6Q1,6Median,6Q3,6IQR,6SF,6IF,6CF,7mean,7std,7max,7min,7range,7CV,7RMS,7MAD,7skew,7kurt,7Q1,7Median,7Q3,7IQR,7SF,7IF,7CF,8mean,8std,8max,8min,8range,8CV,8RMS,8MAD,8skew,8kurt,8Q1,8Median,8Q3,8IQR,8SF,8IF,8CF,9mean,9std,9max,9min,9range,9CV,9RMS,9MAD,9skew,9kurt,9Q1,9Median,9Q3,9IQR,9SF,9IF,9CF,10mean,10std,10max,10min,10range,10CV,10RMS,10MAD,10skew,10kurt,10Q1,10Median,10Q3,10IQR,10SF,10IF,10CF,11mean,11std,11max,11min,11range,11CV,11RMS,11MAD,11skew,11kurt,11Q1,11Median,11Q3,11IQR,11SF,11IF,11CF,12mean,12std,12max,12min,12range,12CV,12RMS,12MAD,12skew,12kurt,12Q1,12Median,12Q3,12IQR,12SF,12IF,12CF,13mean,13std,13max,13min,13range,13CV,13RMS,13MAD,13skew,13kurt,13Q1,13Median,13Q3,13IQR,13SF,13IF,13CF,14mean,14std,14max,14min,14range,14CV,14RMS,14MAD,14skew,14kurt,14Q1,14Median,14Q3,14IQR,14SF,14IF,14CF,15mean,15std,15max,15min,15range,15CV,15RMS,15MAD,15skew,15kurt,15Q1,15Median,15Q3,15IQR,15SF,15IF,15CF
9.0,1.0249999999999995,0.03278719262151003,1.12,0.96,0.16000000000000014,0.03198750499659517,1.0255242561733977,0.028281250000000008,0.6319971751811885,-0.034739146090362105,1.0,1.0,1.04,0.040000000000000036,1.0005114694374617,1.092682926829269,1.0921243386081627,1.0063657343749999,0.03735662026721392,1.148148,0.962963,0.18518499999999993,0.03712032215645152,1.0070588405857535,0.02747031396484369,1.233634124304581,2.5569352127988036,0.9907407500000001,1.0,1.037037,0.04629624999999993,1.0006887219895102,1.140885426423082,1.1401002143352243,1.0161289999999998,0.05036278635808387,1.225806,0.935484,0.29032199999999997,0.04956337862425329,1.0173763093815138,0.03427412499999993,2.346420588192905,7.700626449172225,1.0,1.0,1.032258,0.0322579999999999,1.0012275108588713,1.2063488002015494,1.2048698094269517,1.013671875,0.05266198735434673,1.1875,0.96875,0.21875,0.05195171006825728,1.0150388933819852,0.039306640625,1.6053620126807653,2.1019545423447843,0.96875,1.0,1.03125,0.0625,1.0013485807544824,1.1714836223506744,1.1699059097562219,1.0348212656249998,0.029219768890920754,1.114286,0.971429,0.14285700000000012,0.028236536937876828,1.0352337159713096,0.02338181738281246,0.4398969253295609,-0.16486092513095763,1.02142825,1.028571,1.057143,0.035714749999999906,1.0003985715794705,1.0767907821521296,1.0763617749394103,1.0088682343750002,0.0419394165339802,1.216216,0.945946,0.27027,0.04157075731496484,1.0097395847396204,0.027119377441406294,2.7196587181470457,10.563001272867304,0.972973,1.0,1.027027,0.054053999999999935,1.0008636909508406,1.2055251206848165,1.2044848180470444,1.0083841406249998,0.033735065151053886,1.121951,0.95122,0.17073099999999997,0.0334545772706667,1.0089482789939066,0.0262241088867187,1.20432830514437,1.716915290173322,0.97561,1.0,1.02439,0.048779999999999935,1.000559447879215,1.112622615528851,1.1120005092022915,1.0178572343749996,0.03340777495104163,1.142857,0.97619,0.166667,0.03282167068503982,1.0184053362962624,0.023809734375000044,1.7117995000901753,3.9488619273953205,1.0,1.011905,1.02381,0.02381000000000011,1.0005384860496662,1.122806776238865,1.122202485855331,1.0190216718749996,0.026485815515133897,1.086957,0.978261,0.1086959999999999,0.025991415340951486,1.0193658156787588,0.021229536132812494,0.7764818882796511,0.2528550803456846,1.0,1.021739,1.043478,0.043477999999999906,1.0003377198083785,1.066667206400036,1.0663070933727894,1.0061849843749997,0.03639863392589935,1.145833,0.958333,0.1875000000000001,0.03617489277929214,1.0068431274699106,0.023335725585937335,2.3924784169430207,6.268536463281955,0.979167,1.0,1.0,0.02083299999999999,1.0006540975120193,1.1387896040922774,1.1380452115508364,1.0226716875000001,0.030459099341819725,1.156863,0.980392,0.17647099999999993,0.029783849219762154,1.0231251815622626,0.02085256054687502,2.0378616995608465,6.064607485505557,1.0,1.019608,1.039216,0.03921599999999992,1.0004434405174265,1.1312164149454855,1.1307150100963463,1.0109080625,0.02513870872272668,1.09434,0.981132,0.11320800000000009,0.024867452991281964,1.011220582021425,0.01959581835937503,1.1474754305436903,1.4895199321377932,1.0,1.0,1.018868,0.018868000000000107,1.000309147323103,1.0825316768111146,1.0821971184688703,1.022600359375,0.03253756389465835,1.142857,0.982143,0.16071400000000002,0.031818455368571245,1.023117875935162,0.023821087890624978,1.657207638437662,3.281227277575134,1.0,1.017857,1.035714,0.035714000000000024,1.000506078993047,1.1175988640357015,1.1170335568180672,1.0254935156250002,0.030690726586988085,1.140351,0.982456,0.1578949999999999,0.029927762700950114,1.0259526652274746,0.02219541162109384,1.8197576655841854,3.6394675068465965,1.0,1.017544,1.035088,0.03508800000000001,1.0004477352567116,1.112002155669408,1.1115044959185918,1.0202355312499998,0.020845762746875513,1.081967,0.983607,0.09835999999999989,0.020432304216395147,1.0204484725107235,0.016313509765624873,0.8515882818199558,0.5408676590305488,1.0,1.016393,1.032787,0.0327869999999999,1.000208717746247,1.060507075924288,1.0602857754668549,1.0204132656249996,0.019388831567943115,1.096774,1.0,0.09677399999999992,0.01900095992584683,1.0205974522077972,0.014325513183593552,1.5669876000586813,3.631124709973834,1.0,1.016129,1.032258,0.0322579999999999,1.0001805019485754,1.0748331454983875,1.0746391710340004,1.0338541874999996,0.14108234849989595,1.75,0.666667,1.083333,0.13646252073617104,1.0434360114877823,0.10050443164062492,1.60981416367703,9.548520594370451,0.916667,1.083333,1.083333,0.1666660000000001,1.0092680613026803,1.6926951799960677,1.6771512394945658,1.0435697500000005,0.06149731398402697,1.230769,0.961538,0.269231,0.05892975911195868,1.045380190525109,0.04368225000000021,1.5846015996955198,1.8157493752032217,1.0,1.019231,1.057692,0.05769200000000008,1.001734853396343,1.1793835534232373,1.1773410393225145,1.04687509375,0.06840409345703449,1.326923,0.961538,0.36538500000000007,0.06534121774929703,1.0491075168521815,0.05021776269531247,1.8297337034174115,3.5977518741361694,1.0,1.019231,1.057692,0.05769200000000008,1.0021324636678333,1.267508423805216,1.2648112597471386,1.054086625,0.07891606319741327,1.326923,0.980769,0.3461540000000001,0.07486677216629446,1.0570365925711698,0.05851852343750004,1.7772157219662215,2.470632019350858,1.0,1.019231,1.057692,0.05769200000000008,1.0027986007043488,1.258836767803595,1.2553236182413987,1.0459736406249998,0.1715887542320817,2.346154,0.961538,1.3846159999999998,0.1640469200825677,1.05995450726021,0.06459394482421854,6.985363570141136,52.66227443617895,1.0,1.019231,1.038462,0.038461999999999996,1.0133663661226264,2.2430335802708226,2.2134478262320734,1.05238978125,0.06906842646889853,1.27451,0.980392,0.294118,0.06563008088776853,1.054653829090054,0.05058969921874999,1.6413546442643574,1.8787462628036309,1.0,1.039216,1.058824,0.05882399999999999,1.002151339627571,1.2110626905614492,1.2084628764868146,1.0713849062500003,0.08947690631905368,1.313725,0.980392,0.333333,0.0835151828227967,1.0751147539238548,0.07092510937500013,1.418739837945843,0.8315125988094212,1.019608,1.039216,1.06372575,0.044117749999999845,1.0034813330410912,1.2261933058196839,1.2219393280626905,1.0508580000000005,0.06322562084066476,1.313725,1.0,0.31372500000000003,0.06016571300847948,1.0527582891123146,0.04137943750000017,2.3126842256448756,5.590404935235328,1.019608,1.039216,1.058824,0.03921599999999992,1.0018083214975897,1.250145119511865,1.247888535845899,1.0520834531250003,0.07046028439747319,1.333333,0.980392,0.35294100000000006,0.06697214388096802,1.0544402515158442,0.04752603222656258,2.323272009838477,5.798568598139549,1.014706,1.019608,1.058824,0.04411799999999988,1.0022401249481145,1.267326271542058,1.2644936477749449,1.0735295000000005,0.0896535336251101,1.352941,0.980392,0.3725489999999999,0.083512873773017,1.0772666074197785,0.06924006250000016,1.6018348865926224,1.9422424832416922,1.019608,1.039216,1.088235,0.068627,1.0034811408720283,1.2602737046350374,1.2559017337783305,1.0481006250000002,0.058096926226915174,1.254902,0.980392,0.2745099999999999,0.055430676064061275,1.0497095660050006,0.039512464843750074,1.9472693395016696,3.5605974197296764,1.019608,1.039216,1.058824,0.03921599999999992,1.0015351016559124,1.1973106112783776,1.1954754349585701,1.0618874062500003,0.08777233275011809,1.45098,0.980392,0.4705879999999999,0.08265691092437143,1.0655087263597378,0.05757880371093772,2.4817029630604037,6.541193561681038,1.019608,1.039216,1.058824,0.03921599999999992,1.0034102674995704,1.366416054526967,1.361772047571311,1.0772060312500003,0.08843070921807383,1.313725,0.980392,0.333333,0.08209266069134238,1.080829692455841,0.0710782968750002,1.3544332765229434,0.44167211024008735,1.019608,1.039216,1.06372575,0.044117749999999845,1.0033639444086995,1.2195670669199103,1.2154782656044347,1.0481006562500004,0.06684745858674686,1.372549,0.980392,0.392157,0.06377961714662063,1.0502302453991639,0.0408432753906252,2.806711978809597,8.925115677679496,1.019608,1.029412,1.039216,0.019607999999999848,1.0020318555631698,1.309558382408464,1.3069029443903812,1.0490197343750005,0.07179316865182975,1.333333,0.980392,0.35294100000000006,0.068438339431816,1.0514735670349804,0.04871323486328147,2.174138507045598,4.396994223402294,1.0,1.019608,1.058824,0.05882399999999999,1.0023391673002624,1.2710275663158916,1.268061358651009,1.0689339687500004,0.08433593714628877,1.313725,0.980392,0.333333,0.07889723744574259,1.0722557436740403,0.06570726660156269,1.4984387235383823,1.3782110942470318,1.019608,1.039216,1.0833329999999999,0.06372499999999981,1.0031075585781266,1.2290048201352004,1.2251974472979508
9.0,1.0324999999999998,0.05141740950300785,1.24,0.96,0.28,0.049798943828579044,1.033779473582253,0.03875000000000003,1.445862900270299,3.1817378978693958,1.0,1.02,1.04,0.040000000000000036,1.0012391995954026,1.2009685230024216,1.1994821252381338,1.0173610937500002,0.03926661687613865,1.148148,0.962963,0.18518499999999993,0.03859653874850042,1.0181185894958866,0.030888279296875043,1.2118642125429613,1.4963359822384703,1.0,1.0,1.037037,0.03703699999999999,1.0007445692100279,1.1285550499753418,1.1277153878198967,1.0015120937500002,0.03670441250965217,1.129032,0.935484,0.19354800000000005,0.03664899579217105,1.0021844579842512,0.025500831054687582,1.2746677755157985,1.937689914146108,0.967742,1.0,1.0,0.03225800000000001,1.0006713490914856,1.1273273753215722,1.1265710528687347,1.01220703125,0.04675022047674239,1.1875,0.96875,0.21875,0.046186421387539034,1.0132860688011862,0.0339813232421875,1.9086326615971436,4.66226136282932,0.96875,1.0,1.03125,0.0625,1.0010660245561165,1.1731789676796913,1.1719296618820838,1.0388391718749999,0.043262133824495834,1.228571,0.971429,0.2571420000000001,0.04164468860604481,1.0397396006909543,0.031905813964843745,1.6863295215673149,4.789466390444361,1.0,1.028571,1.057143,0.057142999999999944,1.0008667644042815,1.1826383075087104,1.1816141264443123,1.0143580937499999,0.04631424378995043,1.243243,0.972973,0.2702700000000001,0.045658672292671725,1.0154148667091543,0.031065213867187448,2.7885472909249813,10.764340856889678,1.0,1.0,1.027027,0.027026999999999912,1.0010418144890505,1.2256450731356925,1.224369507243095,1.0076219062500005,0.033640141634808274,1.146341,0.97561,0.17073100000000008,0.03338567911847466,1.0081832993479383,0.025819138671875082,1.682758803041252,4.589557604135703,0.97561,1.0,1.02439,0.048779999999999935,1.0005571465789456,1.1376697875359432,1.13703629165591,1.0197173906249997,0.02902509219118497,1.095238,0.97619,0.11904799999999993,0.028463859161404582,1.0201303900579404,0.0220774721679688,1.1338665545003768,0.990953374062256,1.0,1.02381,1.02381,0.02381000000000011,1.0004050136211637,1.0740603328621399,1.0736254999106474,1.0173232968749994,0.027759825263251207,1.108696,0.978261,0.13043499999999986,0.027287122342055353,1.0177019692735516,0.021675340820312507,0.9002004824715878,0.950815289325039,1.0,1.021739,1.021739,0.021738999999999953,1.0003722242474102,1.0898167803742211,1.0894112750822336,1.0087890624999998,0.0259906665981241,1.125,0.979167,0.145833,0.02576422322989263,1.009123821624405,0.01907336132812495,1.8142094326301095,5.338452304692264,1.0,1.0,1.020833,0.0208330000000001,1.0003318425395846,1.1151984511132627,1.1148285035914296,1.0287991406250003,0.04026912149986449,1.156863,0.980392,0.17647099999999993,0.0391418693015245,1.0295869433404397,0.030158648925781305,1.6696967002871188,2.677912846323647,1.0,1.019608,1.039216,0.03921599999999992,1.000765749779846,1.1244789719567614,1.123618561290822,1.0159198750000005,0.0323757283545,1.113208,0.962264,0.15094399999999997,0.031868387607339586,1.0164356252151436,0.025261746093750044,1.0090627753996515,0.6483256228860133,1.0,1.0,1.037736,0.03773599999999999,1.0005076682008442,1.0957635807646735,1.095207578703642,1.0290177812499999,0.03885465854488555,1.178571,0.982143,0.19642800000000005,0.037758976815431534,1.029751076046688,0.028250532226562465,1.7184966659242644,3.589259505503456,1.0,1.017857,1.035714,0.035714000000000024,1.0007126162541111,1.145335893582257,1.1445202898205709,1.0254935156250005,0.02340014244480698,1.105263,1.0,0.1052630000000001,0.022818420680647072,1.0257604580287538,0.018109239257812656,1.296598598504359,1.5744817378732074,1.017544,1.017544,1.035088,0.017544000000000004,1.0002603062814988,1.0777864346868962,1.077505953118947,1.02382165625,0.04014820551882531,1.213115,0.983607,0.22950799999999993,0.03921406162268343,1.0246085409622911,0.02535069433593744,2.6530388650648145,8.819499134073943,1.0,1.016393,1.032787,0.0327869999999999,1.0007685759599707,1.184888981976933,1.1839790041772122,1.0304938906249996,0.03493394742676759,1.193548,0.983871,0.209677,0.03390019848208899,1.031085854474915,0.02332719628906243,2.2704510945446685,7.6159694697170695,1.016129,1.016129,1.032258,0.016128999999999838,1.0005744467340378,1.158229088846036,1.1575641299121686,0.9479166874999997,0.11831059604065944,1.5,0.75,0.75,0.12481117549759295,0.9552713978637004,0.08593742187499995,1.8202215073767647,6.477828110812847,0.8958335,0.916667,1.0,0.10416650000000005,1.0077588151582157,1.5824175476391753,1.5702343892578496,1.036358265625,0.061579460988486774,1.25,0.980769,0.269231,0.05941908607382008,1.0381861512970065,0.041043825683593785,2.0959390362706647,3.9028025135768765,1.0,1.019231,1.038462,0.038461999999999996,1.0017637584729486,1.2061466014806745,1.2040229957203477,1.0372596718749998,0.061274487519545645,1.25,0.961538,0.288462,0.059073430868842106,1.0390679427828653,0.043569746093749945,1.6789163970733778,2.433015803163662,1.0,1.019231,1.038462,0.038461999999999996,1.0017433155427673,1.2050984279957986,1.2030012172757536,1.038461671875,0.0656562841047162,1.288462,0.980769,0.307693,0.06322456175601567,1.040535146737418,0.04086546484374999,2.4923042971641953,6.093686104636247,1.0,1.019231,1.038462,0.038461999999999996,1.0019966792406254,1.2407410257844285,1.2382686005753414,1.0474760468750002,0.07424489117492145,1.269231,0.961538,0.307693,0.07087979853708426,1.0501039818239208,0.05526960302734388,1.6356784070749126,1.9000361692823908,1.0,1.019231,1.038462,0.038461999999999996,1.002508825816839,1.211704080285726,1.2086717334367958,1.0520834531250003,0.07395449848807575,1.352941,0.980392,0.3725489999999999,0.07029337669783603,1.0546795059097562,0.05055142968750015,2.212277813987406,4.626115627677884,1.019608,1.019608,1.0441179999999999,0.02450999999999981,1.0024675350392072,1.2859635763506816,1.2827982267778744,1.0511644062500003,0.061871354730177505,1.27451,0.960784,0.31372600000000006,0.05885982664776658,1.0529837004925873,0.04240392089843757,1.8486881031369298,3.502562199213398,1.019608,1.039216,1.058824,0.03921599999999992,1.0017307418628045,1.212474463958287,1.2103796092985888,1.0539216875,0.06827634009621188,1.294118,0.980392,0.31372600000000006,0.06478312469133232,1.056130949267079,0.049172728515625,1.774964107467351,2.5010100488336553,1.019608,1.039216,1.058824,0.03921599999999992,1.0020962295332585,1.2279071731314004,1.2253385822071368,1.0579045781250005,0.07182918950794931,1.294118,0.980392,0.31372600000000006,0.06789760720693476,1.060340289191731,0.05154722265625009,1.7004340755433383,2.5190272056133765,1.019608,1.039216,1.058824,0.03921599999999992,1.0023023920276888,1.223284242037838,1.2204742318963202,1.0471815156250008,0.06226832043186976,1.294118,0.980392,0.31372600000000006,0.05946277651272852,1.0490312056350275,0.04245175634765659,1.971206973891668,4.245323328552847,1.0,1.039216,1.058824,0.05882399999999999,1.0017663508975545,1.235810583638518,1.2336315574298002,1.0640319687500002,0.08160269099843784,1.333333,0.980392,0.35294100000000006,0.07669195418470628,1.0671565160276109,0.06202120507812513,1.612309621363269,2.0191205039378923,1.019608,1.039216,1.078431,0.05882299999999985,1.0029365163541857,1.2530948685370502,1.249425908922157,1.0554535468750004,0.06876333844447238,1.27451,0.980392,0.294118,0.0651505115010203,1.0576911582900972,0.04888553027343763,1.6804451507164344,2.0522306645836252,1.019608,1.039216,1.058824,0.03921599999999992,1.0021200472741998,1.2075472234411306,1.2049925822018028,1.053615328125,0.06934517575146598,1.294118,0.980392,0.31372600000000006,0.0658164074690065,1.0558948873159457,0.048923868164062495,1.879047718368103,3.4970252981629946,1.019608,1.039216,1.058824,0.03921599999999992,1.0021635592517455,1.22826421128762,1.2256125259680068,1.057598203125,0.058194637434748786,1.27451,0.980392,0.294118,0.055025280170479474,1.0591980811346815,0.04086242236328126,1.6084457168920328,2.873910865796244,1.019608,1.039216,1.06372575,0.044117749999999845,1.0015127465278915,1.2050984922573311,1.2032782372817958,1.0683212031250005,0.08180488976219952,1.333333,0.960784,0.37254900000000013,0.07657330915356532,1.0714486609424894,0.06114994189453143,1.535263323428347,1.709323597773432,1.019608,1.039216,1.078431,0.05882299999999985,1.0029274508531147,1.2480637809113966,1.2444208001782808,1.0569854531250005,0.06727641602512205,1.313725,0.980392,0.333333,0.0636493301078249,1.0591243384376772,0.0454963164062501,1.9594606371671623,3.5022763569449324,1.019608,1.039216,1.058824,0.03921599999999992,1.0020235711914038,1.2428978999814457,1.2403878867875762
9.0,1.0331249999999998,0.05592615108337067,1.2,0.96,0.24,0.05413299560398856,1.0346376177193637,0.04312500000000004,1.1231827632317841,1.2463843559274164,1.0,1.02,1.05,0.050000000000000044,1.0014641187846232,1.161524500907441,1.1598263773215032,1.0138888750000001,0.04606418713514736,1.185185,0.962963,0.22222199999999992,0.045433171495394255,1.014934756615019,0.032262699218750045,1.8902082711311115,4.193026850399066,1.0,1.0,1.037037,0.03703699999999999,1.0010315544837387,1.168949605054104,1.167745012450647,1.00252015625,0.03241120819312487,1.129032,0.935484,0.19354800000000005,0.032329732216418834,1.0030439422597905,0.022697157226562435,0.6914386077728929,2.6441746047967074,0.9919355,1.0,1.032258,0.04032249999999993,1.000522469305505,1.126193815616862,1.125605721177446,1.01171875,0.03601384553630034,1.1875,0.96875,0.21875,0.035596696746304585,1.0123595340450324,0.0264892578125,1.9760229069302389,7.454925260613469,1.0,1.0,1.03125,0.03125,1.0006333618360166,1.1737451737451738,1.1730022388934966,1.0374998906249997,0.04221998739752787,1.171429,0.971429,0.20000000000000007,0.040693968046680136,1.0383585846819658,0.03225457519531244,1.2251423196975262,1.4314035348862477,1.0,1.028571,1.057143,0.057142999999999944,1.00082765700963,1.129088311801479,1.1281545867498093,1.0143580937499999,0.03880538351775385,1.162162,0.972973,0.18918899999999994,0.03825609886375874,1.015100093658795,0.028927335937499958,1.6874859817807928,3.596065299961695,1.0,1.0,1.027027,0.027026999999999912,1.0007314970062022,1.1457117630950042,1.1448742909786753,1.0175304218749996,0.03619416003860498,1.170732,0.95122,0.21951200000000015,0.03557059254494832,1.0181739422426876,0.025914484374999984,1.6470394250322857,4.6841398258530775,1.0,1.012195,1.02439,0.024389999999999912,1.000632433540908,1.1505621599427922,1.1498349657439468,1.0301340156249994,0.04672575396913495,1.190476,0.97619,0.2142860000000001,0.04535890792887337,1.0311931856988155,0.033598395507812295,1.7263660568610557,3.339356181576038,1.0,1.02381,1.047619,0.04761900000000008,1.0010281866803257,1.1556515773122185,1.154464572216158,1.0339673437499994,0.05008780227205356,1.217391,0.978261,0.23912999999999984,0.04844234450422273,1.0351798181368659,0.035156253906249796,2.0217469302421374,4.077103818339093,1.0,1.021739,1.043478,0.043477999999999906,1.001172642824936,1.1773979201168563,1.17601887002693,1.013020875,0.0317878677021104,1.125,0.979167,0.145833,0.03137928199368093,1.0135194925204014,0.023925695312500023,1.5541862180407238,2.7214146584628125,1.0,1.0,1.020833,0.0208330000000001,1.0004922085345984,1.1105398000806253,1.1099934518302859,1.0275736093750003,0.036963339221795614,1.137255,0.980392,0.15686299999999986,0.03597147579945905,1.0282382073869805,0.029679911132812518,1.0379333884151725,0.8557585655368509,1.0,1.019608,1.039216,0.03921599999999992,1.0006467643835115,1.1067382323021229,1.1060228960855865,1.0114976875000001,0.025753521388391615,1.09434,0.981132,0.11320800000000009,0.025460781281708676,1.0118254867721754,0.018831148437500052,1.6521745344491068,3.3859639943106234,1.0,1.0,1.018868,0.018868000000000107,1.0003240731800243,1.081900644483678,1.0815501430894514,1.01981015625,0.023435778689603767,1.089286,0.982143,0.10714299999999999,0.022980530784063535,1.0200794040237442,0.017813469726562475,0.9822290234873572,0.9256087381175213,1.0,1.017857,1.035714,0.035714000000000024,1.0002640175449264,1.0681262520521206,1.0678443224157528,1.0254935468750006,0.026666105523872507,1.122807,1.0,0.12280700000000011,0.02600319193146799,1.025840190217793,0.01925718359375016,1.8686027430939487,4.309640414510048,1.0,1.017544,1.035088,0.03508800000000001,1.0003380258645689,1.0948942618132937,1.094524284295803,1.020235546875,0.027908268461677314,1.114754,0.983607,0.131147,0.02735473052978878,1.0206171870764569,0.02053185986328119,1.4911934660567843,3.0083613824117057,1.0,1.016393,1.032787,0.0327869999999999,1.0003740706767432,1.0926437560566398,1.092235182902609,1.0274697031249995,0.03429542852402109,1.193548,1.0,0.19354800000000005,0.03337853020844625,1.0280419092903859,0.02168121923828113,2.946931263969703,10.934501516353968,1.0,1.016129,1.032258,0.0322579999999999,1.0005569080661416,1.161638145017689,1.160991579442375,1.1041666874999998,0.18575579006250675,1.5,0.75,0.75,0.16823165575035226,1.1196826726025857,0.15169278710937487,0.509305168102542,-0.6361534458044567,0.97916675,1.083333,1.25,0.27083325,1.0140522126579605,1.3584905404058392,1.3396652790146393,1.0564905312500004,0.07554920697816934,1.307692,0.980769,0.3269230000000001,0.07150959212931357,1.0591883332514278,0.054762513671875165,1.8831916897561283,3.034385692969498,1.019231,1.038462,1.057692,0.03846100000000008,1.0025535505729857,1.2377697303664308,1.234617073231662,1.0655048906250006,0.08262506866905564,1.288462,0.961538,0.326924,0.07754546168304274,1.0687036885490568,0.062199460937500305,1.5164212856457855,1.1154959631956904,1.019231,1.038462,1.0624997500000002,0.04326875000000019,1.003002142882873,1.209250198039183,1.2056307223467166,1.0456732187499997,0.06735060848543535,1.269231,0.980769,0.288462,0.06440884903406671,1.0478399614799696,0.04612371679687487,1.9741872336702004,3.2337564899588127,1.019231,1.019231,1.038462,0.019230999999999998,1.0020721031112951,1.2137931595085143,1.2112832557057067,1.0318510000000003,0.06496784291502412,1.269231,0.961538,0.307693,0.06296242666336914,1.0338942435346237,0.04497825000000015,2.072620042087213,3.9626290124925063,1.0,1.019231,1.038462,0.038461999999999996,1.0019801730430298,1.2300525948029315,1.227621691422538,1.0575982031250006,0.06746870754310376,1.313725,0.980392,0.333333,0.06379427210045045,1.0597480765496894,0.04503675390625017,2.04572478785696,4.074312119033814,1.019608,1.039216,1.058824,0.03921599999999992,1.0020327884619473,1.2421777912615526,1.2396578291297349,1.0652575156250002,0.07820533599401806,1.372549,0.980392,0.392157,0.07341448884135213,1.0681243603501818,0.053758665527343846,2.1474725138448467,4.643251451801023,1.019608,1.039216,1.058824,0.03921599999999992,1.0026912222473263,1.2884668541340523,1.2850086103738083,1.0661766093750003,0.07846956278623603,1.333333,0.980392,0.35294100000000006,0.07359902861894091,1.0690603512721977,0.05598943310546886,1.7980232551004707,2.3547450544901496,1.019608,1.039216,1.058824,0.03921599999999992,1.0027047506687357,1.2505742372097328,1.247200869823031,1.0698530937500004,0.08768032188915,1.352941,0.980392,0.3725489999999999,0.0819554781879603,1.073440022103253,0.06590829980468765,1.6162465262930714,1.4665423009352905,1.019608,1.039216,1.058824,0.03921599999999992,1.0033527298039395,1.2646044657007371,1.260378756280304,1.0572918125000001,0.06431705586897103,1.27451,0.980392,0.294118,0.060831886815515296,1.0592462699746399,0.04766963476562504,1.5835260054155387,1.9061991217748515,1.019608,1.039216,1.06372575,0.044117749999999845,1.001848550657002,1.2054477155047485,1.2032234959208437,1.060355484375,0.0654281719464158,1.313725,0.980392,0.333333,0.06170399730141519,1.0623721565103215,0.04386850878906252,2.119054436669415,4.5548304317384245,1.019608,1.039216,1.078431,0.05882299999999985,1.001901883061896,1.2389477107994045,1.2365958500976928,1.0582109375000004,0.06853702731869539,1.313725,1.0,0.31372500000000003,0.0647668861565659,1.0604280797669934,0.04576435546875012,2.124368670367833,4.1072163985089025,1.019608,1.039216,1.058824,0.03921599999999992,1.00209517988184,1.2414585348207097,1.2388628942084061,1.0750613750000004,0.09226584352505873,1.372549,0.960784,0.41176500000000005,0.0858237917114813,1.079013413215184,0.07348139453125023,1.436651743345931,1.0489012832009106,1.019608,1.039216,1.0833329999999999,0.06372499999999981,1.003676104738842,1.276716875815578,1.2720407208935012,1.0701595000000004,0.07955711824532107,1.352941,1.0,0.35294099999999995,0.07434136523137068,1.0731126178103352,0.055347984375000145,2.092260704846556,3.7971752461913377,1.019608,1.039216,1.058824,0.03921599999999992,1.002759511839436,1.2642423862984906,1.2607632950590488,1.0640320312500005,0.07395639972708766,1.333333,0.980392,0.35294100000000006,0.06950580203887789,1.0665991339704877,0.05209279785156269,1.919475484992058,3.226647931224994,1.019608,1.039216,1.058824,0.03921599999999992,1.0024126178959776,1.2530947949317193,1.2500788323693621,1.0569853906250002,0.06491333829099984,1.27451,1.0,0.27451000000000003,0.06141365705406419,1.0589767974241768,0.04855998828125002,1.635070094681086,2.0289421912546795,1.019608,1.039216,1.078431,0.05882299999999985,1.0018840438258083,1.2057971768619966,1.203529674210124
9.0,1.0424999999999998,0.06036348233824817,1.32,0.96,0.3600000000000001,0.057902620947959886,1.044246139566721,0.041171874999999844,1.9587231669163758,6.211953325683596,1.0,1.04,1.08,0.08000000000000007,1.0016749540208358,1.2661870503597126,1.264069791579689,1.0133101718750004,0.05413581377007814,1.185185,0.962963,0.22222199999999992,0.05342472154395407,1.0147552368713801,0.04029220507812513,1.5609541010819163,2.3079001122674514,0.962963,1.0,1.037037,0.07407399999999997,1.0014260835788373,1.1696171941183293,1.1679515975242232,1.01965721875,0.04175557446859219,1.16129,0.967742,0.19354799999999994,0.04095059957480656,1.0205118185245026,0.032588770507812476,1.169316103911561,1.7025173529661588,1.0,1.0,1.032258,0.0322579999999999,1.0008381245763653,1.1389023474218405,1.137948604729576,1.021484375,0.06807978538255224,1.25,0.96875,0.28125,0.06664789697106453,1.0237505484964953,0.04449462890625,2.353602030173097,5.236831553792336,0.9921875,1.0,1.03125,0.0390625,1.0022185101915977,1.2237093690248566,1.2210005668234123,1.04196415625,0.04102289086603769,1.142857,0.971429,0.17142800000000002,0.03937073134423159,1.0427713941630647,0.03328694042968752,0.7778304127820843,0.09689248609811152,1.0,1.028571,1.057143,0.057142999999999944,1.0007747271422176,1.096829476469815,1.0959803907137908,1.0198479531249998,0.04613484643223525,1.216216,0.945946,0.27027,0.04523698487688256,1.0208909204947307,0.03144792041015623,2.126021633025793,6.603295154356913,1.0,1.0,1.027027,0.027026999999999912,1.0010226694739497,1.1925463950516277,1.1913280602109904,1.0141006250000002,0.04175923356856992,1.195122,0.95122,0.24390200000000006,0.04117858971694245,1.0149600539989863,0.03166669921875005,1.6428498551308717,4.46335358644732,0.97561,1.0,1.02439,0.048779999999999935,1.0008474790151973,1.1785043520705845,1.1775064400723634,1.02790196875,0.03847355328540987,1.214286,0.97619,0.23809599999999997,0.03742920478321136,1.0286217340026076,0.026715955078124944,2.103109426595743,7.537087007078701,1.0,1.02381,1.047619,0.04761900000000008,1.0007002275260577,1.1813247147261094,1.1804980974638066,1.0200407187499996,0.03790826939858765,1.173913,0.978261,0.19565199999999994,0.03716348641948532,1.0207448774286414,0.024902267578124998,1.9334423346385312,4.5439807771683105,1.0,1.021739,1.021739,0.021738999999999953,1.0006903240877527,1.1508491557460196,1.1500552449082129,1.0149739218750002,0.050693478434208135,1.3125,0.958333,0.354167,0.04994559696722072,1.016239091376669,0.028381190917968827,3.862180798183062,19.459873294131942,1.0,1.0,1.020833,0.0208330000000001,1.0012465044415442,1.293136672492401,1.2915267786264697,1.0278799843750002,0.04582806696416103,1.235294,0.960784,0.2745099999999999,0.04458503683387382,1.0289011002037185,0.029919227050781285,2.4061369956839345,7.04889095744529,1.0,1.019608,1.039216,0.03921599999999992,1.0009934193137726,1.2017881647448532,1.2005954700169106,1.015035421875,0.04659798885742169,1.339623,0.981132,0.358491,0.0459077465211457,1.0161044632450522,0.023631045410156263,5.478890175929387,36.93902765668525,1.0,1.0,1.018868,0.018868000000000107,1.0010532059739132,1.3197795575699351,1.3183910202714317,1.0301338124999997,0.031230050712352245,1.160714,0.982143,0.17857100000000004,0.030316499015366757,1.0306070966781087,0.023821087890624995,1.3745658561954115,3.667801977679848,1.0,1.017857,1.053571,0.053571000000000035,1.0004594395139408,1.1267604129827555,1.1262429724589096,1.0290571562500008,0.028461226199657786,1.192982,1.0,0.192982,0.027657575701017106,1.029450665270621,0.018075014648437585,3.2768621871184282,16.454693647710616,1.017544,1.017544,1.035088,0.017544000000000004,1.0003823976328527,1.1592961506116528,1.1588530079645827,1.0220285625,0.029299518579062746,1.131148,0.983607,0.14754100000000003,0.028668003668500943,1.0224484555980227,0.020555929687499974,1.7843215346895425,4.145173297688225,1.0,1.016393,1.032787,0.0327869999999999,1.0004108428212568,1.1067675028896269,1.1063129821428501,1.0413305781249995,0.0935654785565977,1.741935,1.0,0.741935,0.0898518496643688,1.0455256437389149,0.03830639843749975,6.748607994733652,50.105506204173174,1.016129,1.016129,1.03629025,0.02016124999999991,1.0040285627849985,1.6727973196912125,1.666085390092058,1.1536459062499997,0.14069728292771397,1.416667,0.916667,0.4999999999999999,0.12195881090156992,1.1621938747173919,0.11523442968750004,-0.06729071760865246,-0.7985946007788094,1.0,1.166667,1.25,0.25,1.0074095252460764,1.227991181977984,1.2189592724746443,1.0754207656250006,0.09092155210824986,1.423077,0.980769,0.4423079999999999,0.08454509622139306,1.079257407560974,0.0664437402343752,1.8697585289332752,3.2052419285641234,1.019231,1.038462,1.0817307500000002,0.06249975000000019,1.003567572859488,1.323274615376199,1.3185705189793673,1.05168278125,0.07321863477615109,1.307692,0.980769,0.3269230000000001,0.06962045597925025,1.0542284576201777,0.051457185546875034,1.9239756300914495,2.9630603502685577,1.01442325,1.019231,1.057692,0.04326874999999997,1.0024205743552745,1.2434281736986459,1.2404256312260746,1.0468750781250002,0.0745482454568652,1.307692,0.980769,0.3269230000000001,0.07121025900280711,1.0495260216402078,0.04987967968750013,2.085645609238153,3.4052518107694922,1.0,1.019231,1.0432695,0.04326950000000007,1.0025322443628666,1.2491385336463778,1.2459833992075093,1.033954359375,0.07614868019957058,1.288462,0.961538,0.326924,0.07364800922702293,1.03675466662403,0.05167337158203126,2.1143939430925163,3.6043815320191044,1.0,1.0,1.038462,0.038461999999999996,1.0027083470596543,1.2461497824515615,1.2427838923509273,1.0704658125,0.07871554557588097,1.313725,1.0,0.31372500000000003,0.07353391827810565,1.0733560419760975,0.05912971874999998,1.5313670753583437,1.1319237992011102,1.019608,1.039216,1.06372575,0.044117749999999845,1.0026999736398379,1.227246106003035,1.2239414962265198,1.0674021093750006,0.08671581414491913,1.352941,0.980392,0.3725489999999999,0.0812400625624528,1.0709187156460644,0.06487429589843777,1.7471289804176613,1.9423213009869018,1.019608,1.039216,1.058824,0.03921599999999992,1.003294546863059,1.2675082690179353,1.2633461160343966,1.063725625,0.08054729195585585,1.333333,0.980392,0.35294100000000006,0.07572186855595948,1.0667708617707288,0.05560646484375005,2.06584054673735,3.6949288117768297,1.019608,1.039216,1.058824,0.03921599999999992,1.002862802868671,1.2534557489860227,1.2498775958192239,1.05851734375,0.07073884786801617,1.313725,1.0,0.31372500000000003,0.06682823695397402,1.060878386817853,0.04617609667968748,2.200916437905737,4.458153273339664,1.019608,1.039216,1.058824,0.03921599999999992,1.0022305190196399,1.2410991730620853,1.2383370387444412,1.0551472500000005,0.062379726450686686,1.294118,0.980392,0.31372600000000006,0.05911945129050628,1.0569895692269746,0.04258581250000008,2.009217290107991,3.820862627824215,1.019608,1.039216,1.058824,0.03921599999999992,1.00174603044928,1.2264809485121622,1.2243432079906413,1.0594364375000005,0.0755417418858762,1.333333,1.0,0.3333330000000001,0.07130370375417276,1.0621262259589697,0.05185346093750032,1.997226817318936,3.3560588487433165,1.019608,1.039216,1.058824,0.03921599999999992,1.0025388861131834,1.258530434488666,1.2553432609162476,1.0765932187500005,0.09129476433979333,1.352941,0.980392,0.3725489999999999,0.08479968362218823,1.080457168357147,0.0721122519531252,1.4031197672627411,0.7659288288306012,1.019608,1.039216,1.078431,0.05882299999999985,1.0035890525222078,1.2566872765285095,1.2521930897614102,1.0664830000000005,0.07406792066217839,1.313725,1.0,0.31372500000000003,0.06945063415186023,1.069051938008729,0.054246937500000286,1.7602130550813584,2.102389658430738,1.019608,1.039216,1.058824,0.03921599999999992,1.0024087941474253,1.231829293106406,1.2288692001690877,1.0594364687500006,0.07077930271824011,1.333333,0.980392,0.35294100000000006,0.06680844468356902,1.0617981639703238,0.04695151171875038,2.205231278711111,4.524022647593082,1.019608,1.039216,1.058824,0.03921599999999992,1.0022291994753678,1.2585303973660282,1.2557311222072007,1.0523898281250004,0.07120960879060549,1.352941,0.980392,0.3725489999999999,0.06766466844085402,1.0547962640837703,0.045285627929687725,2.6467003730486587,7.6994476300498045,1.019608,1.039216,1.058824,0.03921599999999992,1.0022866393179202,1.285589202634616,1.2826562304666558,1.0560663437500002,0.06170112470971933,1.313725,0.980392,0.333333,0.058425424761311844,1.0578672653938859,0.04233682617187505,2.092542619157999,4.801683789871346,1.019608,1.039216,1.058824,0.03921599999999992,1.0017053110863194,1.2439796114845174,1.2418618507028367
9.0,1.0324999999999995,0.043517237963823036,1.16,0.96,0.19999999999999996,0.04214744596980441,1.0334166633067228,0.033437500000000085,0.9075975973515575,1.0146838602264712,1.0,1.04,1.04,0.040000000000000036,1.0008878094980371,1.123486682808717,1.122490125413922,1.01736109375,0.04087135631149534,1.148148,0.962963,0.18518499999999993,0.04017389357877176,1.0181817435227063,0.030960617187499977,1.4028648216031305,2.3877447237711102,1.0,1.0,1.037037,0.03703699999999999,1.0008066455241387,1.128555049975342,1.127645439828489,1.00252015625,0.033882748662307276,1.096774,0.935484,0.16128999999999993,0.03379757349622593,1.0030925701770685,0.024870791992187443,0.8343507819333482,0.5423079941143194,0.967742,1.0,1.032258,0.0645159999999999,1.000570974980902,1.0940169064555902,1.0933926066328998,1.01416015625,0.03446795293693964,1.1875,0.96875,0.21875,0.03398669601100259,1.0147457131245676,0.0240936279296875,2.447266846029201,10.071229272416236,1.0,1.0,1.03125,0.03125,1.0005773810684229,1.1709195955705345,1.1702439188863323,1.0361605468749995,0.03471541081058675,1.2,1.0,0.19999999999999996,0.033503891762030925,1.0367419344504436,0.024483953613281102,2.0920778633596733,7.389165611012145,1.02142825,1.028571,1.057143,0.035714749999999906,1.0005610979661381,1.1581216864694672,1.157472231154705,1.0097128281249996,0.02920572947190471,1.135135,0.945946,0.18918900000000005,0.028924787977725012,1.0101351245819405,0.021972634277343653,1.2866428441637,4.422213159528232,1.0,1.0,1.027027,0.027026999999999912,1.0004182342198475,1.1242156862638903,1.1237456973588484,1.0121950156249997,0.027607653753925383,1.097561,0.97561,0.12195100000000003,0.027275034284651653,1.0125714454802146,0.023627827148437495,0.29793461633537827,-0.16988694190533193,0.9939025,1.02439,1.02439,0.03048749999999989,1.0003718945948201,1.0843374873984035,1.0839343780620625,1.0189732968749998,0.0273356368664833,1.095238,0.97619,0.11904799999999993,0.026826646930117378,1.0193398926693702,0.023135377929687524,0.729019427462002,-0.20740432631877104,1.0,1.0,1.047619,0.04761900000000008,1.000359769775611,1.074844653298462,1.0744580957504504,1.0258151562499997,0.050964658736231974,1.282609,0.978261,0.30434800000000006,0.049682107371604736,1.0270803918059737,0.03222650097656239,3.0250750391428594,11.732256452814617,1.0,1.0108695,1.043478,0.043477999999999906,1.0012333952645027,1.250331497039626,1.2487912438331297,1.0084635468749998,0.026992574166292548,1.083333,0.979167,0.10416600000000009,0.02676603854441385,1.0088247243380921,0.021382479003906246,1.0504329104595718,0.7051181852540473,0.979167,1.0,1.020833,0.04166600000000009,1.000358146275303,1.0742411100103755,1.073856512300285,1.0272672500000004,0.04606506908269811,1.294118,0.980392,0.31372600000000006,0.04484234173989105,1.0282995640921748,0.02819591406250007,3.410215376933521,17.040965659511237,1.0,1.019608,1.039216,0.03921599999999992,1.001004912881409,1.2597676018582307,1.2585029160665848,1.0088443593750003,0.03334893060521545,1.188679,0.981132,0.20754700000000004,0.03305656645181205,1.0093954094482824,0.022497857910156363,2.8872275709053317,12.4310977216314,0.981132,1.0,1.018868,0.0377360000000001,1.0005462191151304,1.1782580622608734,1.1776148265323605,1.0237163906249998,0.025655946099063225,1.107143,0.982143,0.125,0.02506157597359533,1.0240378293815688,0.0199758510742187,1.0829342978918366,1.8287874010455543,1.0,1.017857,1.035714,0.035714000000000024,1.0003139919996522,1.0814938689455451,1.0811543951150901,1.0285089218750008,0.020919704876103586,1.105263,1.0,0.1052630000000001,0.020339838022956937,1.0287216515795599,0.016584479492187557,1.0547082331706545,1.7517976621277107,1.017544,1.017544,1.035088,0.017544000000000004,1.0002068331154301,1.0746265554848804,1.074404333089436,1.016649484375,0.02178148137824893,1.114754,0.983607,0.131147,0.021424770004815782,1.0168827892195758,0.015208822265624951,1.3215426638073415,5.020099692774319,1.0,1.016393,1.032787,0.0327869999999999,1.000229484053414,1.0964978757504718,1.096246304704928,1.0239414843749997,0.020755747391530015,1.112903,1.0,0.11290299999999998,0.020270442899575504,1.0241518268664367,0.015325700195312382,1.7250088038331706,4.718639539091058,1.016129,1.016129,1.032258,0.016128999999999838,1.0002054243280958,1.0868814448701638,1.08665821883569,1.1822917187499997,0.15157949396443654,1.416667,0.833333,0.5833339999999999,0.1282082007008362,1.1919689808108866,0.12451166503906258,-0.3816530265915061,-0.6432470982968748,1.083333,1.25,1.25,0.1666669999999999,1.0081851728362932,1.1982381146150611,1.1885099552139797,1.0769231250000002,0.07877864223936663,1.307692,1.0,0.3076920000000001,0.07315159309943002,1.0798006721765105,0.060096132812500064,1.41067046697709,0.9562109704423278,1.019231,1.057692,1.076923,0.05769200000000008,1.002672007973188,1.21428537436226,1.2110494406010492,1.053786171875,0.07180857142921614,1.307692,0.980769,0.3269230000000001,0.06814339886568,1.0562299782555276,0.05279999169921874,1.84702947257067,2.872990338335085,1.01442325,1.019231,1.057692,0.04326874999999997,1.0023190723561872,1.2409462516225906,1.2380750659622328,1.0552885937500003,0.08119874087207238,1.346154,0.980769,0.36538500000000007,0.07694458307706158,1.0584078852777237,0.05588929687500014,2.0484577156650587,3.4164621876956085,1.019231,1.019231,1.0432695,0.024038500000000074,1.0029558658609574,1.275626409659561,1.271866941587243,1.044771703125,0.07107055844451335,1.269231,0.961538,0.307693,0.06802496491045397,1.047186199263688,0.05193615771484369,1.5878076248415145,1.7704035843600945,1.0,1.019231,1.057692,0.05769200000000008,1.0023110275014782,1.2148405208560142,1.2120394643210914,1.0631129375000001,0.07381221103878134,1.333333,1.0,0.3333330000000001,0.06943026317820662,1.06567225748741,0.05095349414062504,2.0555069097917413,3.741919863728465,1.019608,1.039216,1.058824,0.03921599999999992,1.0024073829761007,1.2541781338259745,1.251166097861708,1.0851716875000001,0.2806178120807659,3.235294,0.980392,2.254902,0.258593009118445,1.1208674978821511,0.10451128515625009,7.211347157359775,55.184146585173984,1.019608,1.019608,1.039216,0.019607999999999848,1.032894159323661,2.981366024627324,2.8864196759322587,1.0667893750000006,0.07472212780079356,1.352941,0.980392,0.3725489999999999,0.07004393702439482,1.0694030891090456,0.051412980468750286,2.04690128252085,4.159732805962891,1.019608,1.039216,1.058824,0.03921599999999992,1.0024500751228844,1.2682362907860787,1.2651366110482989,1.0554535937500003,0.06599950372178913,1.352941,1.0,0.35294099999999995,0.06253188592337304,1.0575151171738932,0.04284421582031265,2.5039429287449764,6.5715573386103285,1.019608,1.039216,1.058824,0.03921599999999992,1.0019532108622307,1.2818574004689627,1.2793585434651789,1.0618873906250004,0.08736069964173986,1.352941,1.0,0.35294099999999995,0.08226926923985935,1.0654748810789796,0.06431902880859397,1.9045870444028863,2.8076429599914903,1.019608,1.019608,1.058824,0.03921599999999992,1.0033784095052374,1.274090842347881,1.2698009347999932,1.0741422812499999,0.08529040523383712,1.333333,0.980392,0.35294100000000006,0.07940326595707883,1.0775231290296774,0.0612360292968749,1.7093504878252754,2.0224944292736105,1.019608,1.039216,1.078431,0.05882299999999985,1.0031474859883023,1.2413001734261637,1.23740545708813,1.0674020937500006,0.07811468771854763,1.313725,1.0,0.31372500000000003,0.07318206341915148,1.0702565739948764,0.05698514062500026,1.7502487795907546,2.0846474824685215,1.019608,1.039216,1.06372575,0.044117749999999845,1.002674231446228,1.230768618210797,1.2274860364523108,1.0683212812500005,0.08009798010473422,1.333333,1.0,0.3333330000000001,0.07497555418068125,1.0713197685044837,0.056487332031250316,2.070943339302856,3.440407595117632,1.019608,1.039216,1.058824,0.03921599999999992,1.0028067280013133,1.248063689642052,1.2445705187175586,1.0643384062500008,0.08050771055264652,1.333333,1.0,0.3333330000000001,0.07564108377550757,1.0673789085780268,0.05369166015625048,2.086283677825111,3.4668211811021576,1.019608,1.039216,1.058824,0.03921599999999992,1.0028567063916622,1.2527340854848525,1.2491655861705944,1.0572918281250003,0.07508995603889766,1.313725,0.980392,0.333333,0.0710210313192925,1.059954957211781,0.05096311181640638,2.138367859967898,3.7098435646297316,1.019608,1.039216,1.039216,0.019607999999999848,1.002518821214672,1.2425377412873397,1.2394158742893782,1.0563726562500002,0.07340664757857826,1.333333,1.0,0.3333330000000001,0.06948934842668429,1.0589200747844036,0.051700297851562556,2.1130434152755195,4.289219726634953,1.019608,1.019608,1.058824,0.03921599999999992,1.0024114771613328,1.262180530811141,1.2591441334904026
9.0,1.0331249999999998,0.05027657879171976,1.28,0.96,0.32000000000000006,0.04866456507365495,1.0343476204835589,0.03544921875000004,1.8814077152830975,7.788850608256506,1.0,1.04,1.04,0.040000000000000036,1.0011834197058043,1.2389594676346039,1.237494991675621,1.0115740625000003,0.03131420308036902,1.111111,0.962963,0.14814799999999995,0.030955917358121286,1.0120586263835278,0.02401617968750009,1.089701900297797,1.921716056665847,1.0,1.0,1.037037,0.03703699999999999,1.0004790196798146,1.098398072064051,1.0978721696888492,1.00655240625,0.03790301594889858,1.16129,0.967742,0.19354799999999994,0.03765627672592788,1.0072657966722027,0.02795798339843747,1.6041780588364734,4.173203807644738,0.967742,1.0,1.032258,0.0645159999999999,1.0007087464276803,1.1537302904341449,1.1529131673453632,1.01318359375,0.03441257157489776,1.125,0.96875,0.15625,0.033964793535128004,1.013767833247121,0.0281982421875,0.8145278213873424,0.549306222576833,1.0,1.0,1.03125,0.03125,1.0005766373446283,1.1103614457831326,1.1097215389016635,1.0392855937499996,0.0309295740734691,1.114286,1.0,0.11428600000000011,0.029760418367647666,1.0397457304209798,0.025223392578124962,0.7095713658395073,0.19118745102422752,1.028571,1.028571,1.057143,0.028572000000000042,1.0004427432399212,1.0721653477167719,1.0716908638315252,1.0071790468750002,0.02876272664916658,1.135135,0.945946,0.18918900000000005,0.028557709513923488,1.0075896619697569,0.02164271484375002,1.2750936454835042,4.817427477656103,1.0,1.0,1.027027,0.027026999999999912,1.0004076882814736,1.1270438990187615,1.1265846036777534,1.013719453125,0.03780351447944759,1.170732,0.97561,0.19512200000000013,0.03729189014071934,1.0144240904824016,0.027962839355468744,1.7756477651456728,4.667346940997964,0.97561,1.0,1.02439,0.048779999999999935,1.000695100952467,1.1548875740629978,1.1540853682243168,1.0234376562499996,0.02869904660667033,1.119048,0.97619,0.14285800000000004,0.028041812250515715,1.02383996381594,0.021286918945312636,0.853078410170852,1.0089151788264497,1.0,1.02381,1.047619,0.04761900000000008,1.0003930943555608,1.0934207796304158,1.092991130986147,1.0169836249999997,0.028362194117180415,1.108696,0.978261,0.13043499999999986,0.02788854551830215,1.017379038300515,0.022036242187499982,1.0244228905445942,1.6923019935067165,1.0,1.021739,1.02717375,0.027173749999999997,1.0003888098989946,1.0901807784761532,1.0897570701397836,1.0071614687500001,0.026357028779677986,1.125,0.979167,0.145833,0.026169615893258905,1.007506286382745,0.018737661132812562,1.9737962462605245,5.91918990735859,1.0,1.0,1.020833,0.0208330000000001,1.0003423657908328,1.117000634859722,1.1166183429376835,1.0226716875000001,0.027777101549024918,1.098039,0.980392,0.11764699999999995,0.02716130884284886,1.02304884916829,0.021695099609374997,0.6278817726431775,0.30223876592609544,1.0,1.019608,1.039216,0.03921599999999992,1.000368800342182,1.073696488737496,1.073300655088635,1.0138561406249997,0.037177799580557475,1.132075,0.962264,0.16981099999999993,0.03666969907351838,1.01453756099253,0.026910796386718706,1.7993321913386506,3.3626629409964073,0.995283,1.0,1.018868,0.023585000000000078,1.0006721075507914,1.116603189188284,1.1158532158163588,1.02315840625,0.03167433967727206,1.142857,0.982143,0.16071400000000002,0.03095741527781838,1.0236485666839137,0.023367695312500027,1.3591722156977077,3.115830396315899,1.0,1.017857,1.035714,0.035714000000000024,1.0004790660282117,1.116989307832313,1.116454452432107,1.0260418125000006,0.022362447133025144,1.105263,0.982456,0.12280700000000011,0.021794869234946633,1.0262854768728151,0.01667015234375012,1.426549849320034,3.4358778762457023,1.017544,1.017544,1.035088,0.017544000000000004,1.0002374799641165,1.0772104864878491,1.0769547313169008,1.0281761249999999,0.03946664094226443,1.163934,0.983607,0.18032700000000002,0.0383850976332138,1.0289333116229065,0.02679949218749993,2.0189296543196136,4.12610037449003,1.0,1.016393,1.032787,0.0327869999999999,1.0007364366906562,1.1320375679799024,1.1312045074759616,1.0249495468749996,0.03161264552305852,1.209677,1.0,0.2096769999999999,0.03084312356588019,1.0254369473528024,0.02128744482421865,3.313765037098443,17.179082099060697,1.0,1.016129,1.032258,0.0322579999999999,1.0004755360683741,1.1802307769082112,1.1796698013688887,1.1731770625,0.16816034115222767,1.833333,0.75,1.083333,0.14333756303919185,1.1851676338444965,0.13151034375000006,0.4749700156571328,2.564626531780257,1.083333,1.2083335,1.25,0.1666669999999999,1.010220598175475,1.5627078457306611,1.5468976266698724,1.06941115625,0.08651281107772038,1.384615,0.980769,0.4038459999999999,0.08089761414224109,1.072904789621396,0.06432159960937499,1.8407438783355816,2.933317047525729,1.019231,1.038462,1.076923,0.05769200000000008,1.003266875748376,1.2947452361122682,1.2905292374438924,1.0573919062500003,0.07785582353253166,1.288462,0.980769,0.307693,0.07363005435576327,1.0602542962237587,0.056095876953125116,1.7494171315146265,2.0479992983130213,1.019231,1.019231,1.057692,0.03846100000000008,1.0027070284506996,1.2185283359785501,1.215238650377588,1.051382296875,0.07299576818763184,1.307692,0.980769,0.3269230000000001,0.06942837862554423,1.0539132394820045,0.05262159570312499,1.9332429761086998,3.121816578083709,1.0,1.019231,1.057692,0.05769200000000008,1.002407252447114,1.2437835446600383,1.2407966339266476,1.049579375,0.0778048094662414,1.288462,0.961538,0.326924,0.07412951446977642,1.0524592404466164,0.060105496093749995,1.6053451705610213,1.7927016793358623,1.0,1.019231,1.0624997500000002,0.06249975000000019,1.002743828161273,1.2275984367547237,1.2242393343928784,1.0606618906250005,0.07375111922161695,1.313725,0.980392,0.333333,0.06953310934755912,1.06322287118489,0.04999602001953148,1.9641267448463775,3.3610044902875345,1.019608,1.039216,1.058824,0.03921599999999992,1.0024145117143601,1.2385898009646419,1.2356064148017645,1.0594363906250002,0.07287024417470954,1.27451,0.980392,0.294118,0.06878208528566847,1.0619395172356145,0.051183223144531304,1.75558312412807,2.099119805952064,1.019608,1.039216,1.058824,0.03921599999999992,1.0023626964608396,1.203007572024329,1.2001719300527942,1.0634192812500003,0.0833147072139106,1.392157,1.0,0.3921570000000001,0.0783460566146384,1.066677977729177,0.05879472949218763,2.1364153454447665,4.105518809592803,1.019608,1.039216,1.058824,0.03921599999999992,1.003064357151157,1.309132742415187,1.3051333477079248,1.0603555625000005,0.07556841560257557,1.333333,1.0,0.3333330000000001,0.0712670525577363,1.0630449211399184,0.05216940039062534,2.0726096570797283,3.353231914439899,1.019608,1.039216,1.058824,0.03921599999999992,1.002536280031933,1.257439529865247,1.2542583793827338,1.0560663125,0.06371296982411502,1.27451,1.0,0.27451000000000003,0.06033046321995525,1.0579864833357544,0.04837810742187498,1.6625053753918406,1.999656904122105,1.019608,1.019608,1.078431,0.05882299999999985,1.0018182294170608,1.2068465634349075,1.2046562220545225,1.0649511406250005,0.07903215379650616,1.313725,1.0,0.31372500000000003,0.074211999763786,1.0678796810747002,0.05755963037109406,1.7808619434631916,2.2231435377162754,1.019608,1.039216,1.058824,0.03921599999999992,1.002749929398621,1.233601195289578,1.2302181821437825,1.0649511093750001,0.06852880247456111,1.27451,1.0,0.27451000000000003,0.0643492474643079,1.0671537200083412,0.05005344189453133,1.628028821356891,1.6767090622483547,1.019608,1.039216,1.078431,0.05882299999999985,1.0020682739460534,1.1967779448091154,1.1943077891252987,1.0680148750000007,0.07896321473467488,1.372549,0.980392,0.392157,0.07393456456744091,1.0709299521922526,0.05083852734375033,2.444272963298198,5.906359267997757,1.019608,1.039216,1.058824,0.03921599999999992,1.002729435011148,1.2851403403908574,1.2816421813493184,1.0701594375000005,0.07725868673102299,1.294118,0.980392,0.31372600000000006,0.07219362276662906,1.0729446054413616,0.0569947089843752,1.6651653219377538,1.8222832950010588,1.019608,1.039216,1.078431,0.05882299999999985,1.0026025728912578,1.2092758841833784,1.2061368251790199,1.0634192187500005,0.07709805442228844,1.313725,1.0,0.31372500000000003,0.0725001514575913,1.0662103661110047,0.0566691787109377,1.8106515926413922,2.389434173922859,1.019608,1.019608,1.058824,0.03921599999999992,1.0026246914780093,1.235378274942428,1.2321442763605865,1.0523898593750003,0.060440795195295036,1.235294,1.0,0.2352939999999999,0.05743194373916714,1.0541240467037891,0.04303573974609387,1.877247818090893,2.4334712604526283,1.019608,1.019608,1.058824,0.03921599999999992,1.0016478563655287,1.1737988436468059,1.1718677738760663
9.0,1.0393749999999995,0.040921991337177166,1.12,0.96,0.16000000000000014,0.03937172948856494,1.040180272837358,0.03205078125000019,0.2113254991877108,-0.6187966091455701,1.0,1.04,1.08,0.08000000000000007,1.000774766409966,1.077570655441973,1.076736436218804,1.0162036874999998,0.042368025265550675,1.222222,0.962963,0.2592589999999999,0.04169245377349675,1.0170865174868362,0.029875548828124918,2.273982446544331,8.086990197202184,1.0,1.0,1.037037,0.03703699999999999,1.0008687529849536,1.2027332856927861,1.2016893145138154,1.018145125,0.04412505011310891,1.225806,0.967742,0.25806399999999996,0.04333866462613462,1.0191008368207484,0.03162796093749996,2.0791113102279186,6.874315152885177,1.0,1.0,1.032258,0.0322579999999999,1.0009386793663118,1.203959995388673,1.20283092282026,1.01025390625,0.043866574426648715,1.1875,0.9375,0.25,0.043421336116856724,1.0112058304051221,0.0287322998046875,2.201944632969112,6.138183381615593,1.0,1.0,1.03125,0.03125,1.0009422622859787,1.1754470758820685,1.1743405390811965,1.0290177343749995,0.0309262502426348,1.142857,0.971429,0.17142800000000002,0.030054146988456574,1.0294823605153849,0.022070430664062335,1.0282215187384234,2.1487241629767286,1.0,1.028571,1.057143,0.057142999999999944,1.000451523938669,1.110629060921038,1.1101278116391007,1.0130912031250001,0.03910523787414055,1.216216,0.945946,0.27027,0.03859991850044281,1.0138456517036771,0.026908229003906263,2.488436699762185,10.532971739224859,1.0,1.0,1.027027,0.027026999999999912,1.0007446995653992,1.2005000105108379,1.1996066639495444,1.0095274218749999,0.030675287289712496,1.121951,0.95122,0.17073099999999997,0.03038578905834885,1.009993360754362,0.022877634277343708,1.3397415845971632,2.670781946856277,1.0,1.0,1.02439,0.024389999999999912,1.0004615415780354,1.1113625798457214,1.1108498764407886,1.010788828125,0.019710451810646925,1.071429,0.97619,0.09523899999999996,0.01950006891865787,1.0109809874438247,0.01619489501953128,0.8299507546088178,1.4243695895394444,1.0,1.0,1.02381,0.02381000000000011,1.0001901082733387,1.0599929185876409,1.0597914434662246,1.0135869062499996,0.03110189585294537,1.173913,0.978261,0.19565199999999994,0.030684981880847364,1.0140639745337043,0.021908869140624943,2.364788568922766,10.00497918316027,1.0,1.0,1.021739,0.021738999999999953,1.0004706732898414,1.158176958247383,1.1576320917423368,1.010416671875,0.026300713661927665,1.125,0.979167,0.145833,0.026029572149796593,1.010758912076504,0.01985665185546878,1.6463990821404795,4.864413126673715,1.0,1.0,1.020833,0.0208330000000001,1.0003387119502578,1.1134020561164841,1.11302506122731,1.0254290468750002,0.030352583162017298,1.156863,0.980392,0.17647099999999993,0.02959988626664803,1.0258781650272017,0.02198230859375001,1.6339141996879125,4.770519990749101,1.0,1.019608,1.039216,0.03921599999999992,1.0004379807199437,1.1281745953321152,1.1276806929303589,1.006485875,0.026097151530088025,1.113208,0.962264,0.15094399999999997,0.02592897941075231,1.006824154404581,0.01951290234375005,1.530883088673987,3.6479390523260173,0.981132,1.0,1.018868,0.0377360000000001,1.0003360995052026,1.1060343991414683,1.1056627864260293,1.0265065468749996,0.027153704204565757,1.178571,0.982143,0.19642800000000005,0.026452538746323587,1.0268656262770046,0.018388941894531222,2.815837216684844,14.282197708139446,1.017857,1.017857,1.035714,0.017857000000000012,1.000349807220517,1.1481378307697414,1.147736344309252,1.0265900468750004,0.03101222302245805,1.192982,1.0,0.192982,0.030208965221181574,1.02705836363841,0.019514180664062585,3.224094354441065,14.25142086084777,1.013158,1.017544,1.035088,0.021930000000000005,1.000456186736697,1.1620821803518417,1.1615522956006088,1.019723234375,0.024790721851091622,1.098361,0.983607,0.11475399999999991,0.02431122584579152,1.0200245362804317,0.0188188774414062,1.0887195800064844,1.3337669176831737,1.0,1.016393,1.032787,0.0327869999999999,1.0002954741985617,1.0771167734284273,1.0767986072229458,1.0299898593749994,0.025798080174372445,1.112903,1.0,0.11290299999999998,0.02504692637462158,1.03031289002711,0.01926344433593741,1.4088244157596461,1.846055926283559,1.016129,1.016129,1.03629025,0.02016124999999991,1.0003136250800628,1.0804989873155766,1.0801602219794775,1.143229125,0.18602936981121923,1.833333,0.833333,1.0,0.16272273487715705,1.158265841109296,0.15250655468749996,0.5186061408614652,1.430848495620733,1.0,1.166667,1.25,0.25,1.0131528455499208,1.6036444138002521,1.5828257511627708,1.0664063593749997,0.0763900679151025,1.307692,0.980769,0.3269230000000001,0.07163316989207871,1.0691388898508536,0.05459354785156237,1.7846841143568188,2.547690635658679,1.019231,1.038462,1.076923,0.05769200000000008,1.002562372637627,1.2262605042663224,1.2231263986500622,1.05588953125,0.06375573631911695,1.269231,0.980769,0.288462,0.06038106679932759,1.0578125997155345,0.04817068066406251,1.4491749959479323,1.2793281999577513,1.019231,1.038462,1.057692,0.03846100000000008,1.0018212780869775,1.2020490424764783,1.199863756908662,1.0456731875000005,0.06570016388033094,1.25,0.980769,0.269231,0.06283049490578137,1.0477351414314175,0.04672463671875025,1.801969196695886,2.052686181659401,1.0,1.019231,1.038462,0.038461999999999996,1.0019718913672702,1.1954021724402295,1.1930496082170612,1.03996396875,0.0776188759975563,1.307692,0.961538,0.3461540000000001,0.07463612041372111,1.0428565319397367,0.05467804394531247,1.946657611047967,2.961124431135465,1.0,1.0,1.038462,0.038461999999999996,1.0027814071224155,1.257439718389282,1.2539519674558335,1.0579045625000003,0.07960435679539526,1.352941,1.0,0.35294099999999995,0.07524720056720167,1.0608953374292514,0.05446729101562511,2.0981264121303256,3.78963369103562,1.019608,1.019608,1.058824,0.03921599999999992,1.0028270744217072,1.27888757451124,1.2752822566629711,1.0539217187500005,0.07196031853443359,1.333333,0.980392,0.35294100000000006,0.06827861809298495,1.056375537721568,0.04856002441406278,2.1507682756692192,4.160476005626226,1.019608,1.039216,1.058824,0.03921599999999992,1.0023282744134714,1.2651157825852515,1.26217708796607,1.0723040781250006,0.08382740901554528,1.313725,1.0,0.31372500000000003,0.07817503516551333,1.0755756925785214,0.0633041147460941,1.6782103626197515,1.6408108830299426,1.019608,1.039216,1.078431,0.05882299999999985,1.0030510137192068,1.225142221129235,1.221415665177923,1.0686276250000006,0.07766158339260713,1.372549,1.0,0.372549,0.07267413042275328,1.0714459027165992,0.055146937500000326,2.066047123624375,4.122883766910343,1.019608,1.039216,1.06372575,0.044117749999999845,1.002637286975057,1.2844034422187047,1.2810250116407822,1.0634192812500003,0.08488614074719232,1.352941,1.0,0.35294099999999995,0.07982377435117838,1.0668018675579918,0.05893833203125011,2.076560820374347,3.5154857222366216,1.019608,1.039216,1.058824,0.03921599999999992,1.0031808585452913,1.2722554723755621,1.2682214393728117,1.0618874375000005,0.06890858434501174,1.294118,0.980392,0.31372600000000006,0.06489255067113618,1.064120915552716,0.04951737109375029,1.8822321245620148,2.850821094497351,1.019608,1.039216,1.058824,0.03921599999999992,1.0021033096106438,1.218696025867619,1.2161381108911116,1.0649511406250005,0.0745737675790445,1.313725,1.0,0.31372500000000003,0.0700255295611764,1.0675589813820228,0.051853407226562793,1.9658299068380072,2.926171508313937,1.019608,1.039216,1.058824,0.03921599999999992,1.0024487891111058,1.233601195289578,1.2305877454183372,1.0575982187500002,0.06314543172497435,1.294118,1.0,0.2941180000000001,0.05970644674459399,1.0594816363915456,0.04492185644531253,2.0010641990651887,3.5655619373110046,1.019608,1.039216,1.058824,0.03921599999999992,1.001780844188421,1.2236385964506902,1.2214633605237322,1.0723040625000004,0.07497543977881917,1.333333,1.0,0.3333330000000001,0.06991994379282615,1.0749220060190559,0.05675533984375016,1.5528711794889964,1.6502498754645147,1.019608,1.039216,1.078431,0.05882299999999985,1.0024414190066127,1.2434280971494496,1.240399761595692,1.060968296875,0.06476496379136054,1.294118,0.980392,0.31372600000000006,0.06104326018234543,1.0629431911013565,0.047334445312500056,1.7264790109968942,2.5064817988474504,1.019608,1.039216,1.06372575,0.044117749999999845,1.0018614073881127,1.2197518095608741,1.2174855729205194,1.0575982031250004,0.06746875295256588,1.27451,0.980392,0.294118,0.06379431503685296,1.0597480794406768,0.04921108544921886,1.6709977832160077,1.9151754246328299,1.019608,1.039216,1.058824,0.03921599999999992,1.002032791195488,1.2050984922573307,1.2026537483065525
9.0,1.0374999999999994,0.046300647943630355,1.28,0.96,0.32000000000000006,0.04462713054807747,1.0385326186499877,0.02835937500000023,2.291625801077502,10.719483084108134,1.0,1.04,1.04,0.040000000000000036,1.000995295084326,1.233734939759037,1.2325082303759523,1.0115740624999998,0.04082216308647295,1.185185,0.962963,0.22222199999999992,0.04035509074400863,1.012397418468564,0.02980321093749992,1.6391683700844208,4.398994505236536,1.0,1.0,1.037037,0.03703699999999999,1.0008139354290375,1.1716245442977637,1.170671693130953,1.0277217343749998,0.06320931328833246,1.419355,0.967742,0.45161299999999993,0.0615043072206434,1.0296637220923832,0.03824338867187495,3.9537071477448418,22.318046393891873,1.0,1.0,1.032258,0.0322579999999999,1.0018896046005725,1.3810693619933694,1.378464608926615,1.01171875,0.04332240822816179,1.21875,0.9375,0.28125,0.04282060427185103,1.0126458710508082,0.029052734375,2.35593793029077,8.625907308201818,1.0,1.0,1.03125,0.03125,1.0009163821969378,1.2046332046332047,1.2035303108828366,1.0334819843749998,0.03626529357840471,1.171429,0.971429,0.20000000000000007,0.03509039743961886,1.0341180704087982,0.025809258789062463,1.4047676098553983,3.104163985093753,1.0,1.028571,1.057143,0.057142999999999944,1.0006154785892887,1.1334779103173471,1.1327807080451862,1.0156249843749996,0.04820662643684614,1.243243,0.945946,0.29729700000000014,0.047464986760356015,1.0167684041703604,0.03086726220703114,2.508459769445683,9.001377298938397,1.0,1.0,1.027027,0.027026999999999912,1.0011258287389064,1.2241162034479423,1.2227396080569923,1.017149328125,0.034135293594045886,1.170732,0.97561,0.19512200000000013,0.03355976615249842,1.0177219531747812,0.025450016113281244,1.496302489400349,4.9857114980458865,1.0,1.02439,1.02439,0.024389999999999912,1.0005629704842227,1.1509932392701006,1.1503456286345248,1.0174852812499997,0.025685976107151325,1.095238,0.97619,0.11904799999999993,0.025244567740179615,1.0178094452936506,0.02011276367187506,0.8609891343736732,0.7352495281550726,1.0,1.02381,1.02381,0.02381000000000011,1.0003185933493335,1.0764165538143997,1.0760737238825784,1.0234374374999997,0.06888513054622963,1.521739,0.978261,0.5434779999999999,0.06730761258304042,1.0257530646734316,0.030453826171874844,6.08908525151809,43.329147384635846,1.0,1.0108695,1.021739,0.021738999999999953,1.00226259768168,1.4868901060696251,1.4835334666872042,1.0198567499999998,0.04395252302022887,1.208333,0.979167,0.2291660000000001,0.043096761403235186,1.0208034163346076,0.026926570312500002,2.6194282866794203,7.565333964650651,1.0,1.0,1.020833,0.0208330000000001,1.0009282346119766,1.1848065917100616,1.1837078331288837,1.0232844062500002,0.03498558969316809,1.156863,0.980392,0.17647099999999993,0.03418950731535012,1.0238823016150804,0.024165196289062524,1.636669613713742,3.447135165499531,1.0,1.019608,1.039216,0.03921599999999992,1.0005842905075348,1.13053906903509,1.1298788915241085,1.012676921875,0.030760888688654165,1.169811,0.981132,0.18867899999999993,0.030375816831788274,1.013144007716149,0.021917450683593784,2.2774286538616457,9.351506300602807,1.0,1.0,1.018868,0.018868000000000107,1.0004612387535052,1.1551670377103704,1.1546344755441162,1.02176328125,0.023510406483398975,1.071429,0.982143,0.08928599999999998,0.0230096411907041,1.0220337284668157,0.01864181542968748,0.42443797637373676,-0.4172150339619747,1.0,1.017857,1.035714,0.035714000000000024,1.0002646867643208,1.0486078523875317,1.0483303732131068,1.0293312812500006,0.026688637424513623,1.140351,1.0,0.1403509999999999,0.02592813208989767,1.0296772163777068,0.020576396484375124,1.5866297915615228,3.6772946922726977,1.017544,1.017544,1.039474,0.021930000000000005,1.0003360775427772,1.1078561594039764,1.1074839589163985,1.0220285781249998,0.023582204959330975,1.081967,0.983607,0.09835999999999989,0.02307391932483393,1.0223006088695015,0.018474717773437403,0.5957904764844449,0.410687275941338,1.0,1.016393,1.032787,0.0327869999999999,1.0002661674539481,1.0586465223751007,1.0583648201055849,1.0259576093749994,0.021453917122387846,1.080645,0.983871,0.09677400000000003,0.020911114578561686,1.0261818975183492,0.01749933496093741,0.6358503283837886,0.007636337338037258,1.016129,1.016129,1.032258,0.016128999999999838,1.000218613460537,1.0533037526358575,1.0530735365858244,1.1953125312500001,0.15743905191324922,1.75,0.75,1.0,0.13171371318981076,1.2056363889791253,0.11206045605468763,0.11348753045715794,2.53442951236741,1.166667,1.166667,1.25,0.0833330000000001,1.0086369526456223,1.4640522493058234,1.4515155779943036,1.0540866250000003,0.07121828601702744,1.307692,0.980769,0.3269230000000001,0.06756397845103805,1.0564897809572482,0.0463489765625001,2.358005793210664,5.65749727374572,1.019231,1.038462,1.057692,0.03846100000000008,1.0022798467414837,1.2405925366902362,1.2377706093996919,1.0525842656250002,0.07043244284202464,1.288462,0.980769,0.307693,0.06691382831967708,1.0549380859775686,0.050950163085937576,1.8105156803216864,2.5076123399835053,1.019231,1.019231,1.057692,0.03846100000000008,1.0022362298482306,1.2240939201527405,1.221362672489006,1.0537861406250002,0.07572530998737047,1.307692,0.980769,0.3269230000000001,0.07186022577831382,1.0565034560975255,0.05712881835937508,1.5689504501725549,1.773540858629321,1.0,1.019231,1.057692,0.05769200000000008,1.0025786213803436,1.2409462884228184,1.2377545879786382,1.025841296875,0.06628852485811546,1.307692,0.961538,0.3461540000000001,0.06461869400271648,1.027980804734236,0.04518477636718746,2.237712462843134,5.181772427915942,0.980769,1.0,1.019231,0.038461999999999996,1.0020856129166895,1.2747507864848067,1.272097683125589,1.0572918125000001,0.08349928370255547,1.352941,0.980392,0.3725489999999999,0.07897468108177132,1.0605838520166029,0.057942742187500014,1.9936580316781105,3.432913836463241,1.0,1.029412,1.058824,0.05882399999999999,1.0031136527093865,1.2796287496078569,1.2756567973644957,1.058823625,0.07704032513875037,1.27451,0.980392,0.294118,0.07276030050684822,1.06162266392331,0.05637253124999999,1.611468522646657,1.646348533751488,1.0,1.039216,1.06372575,0.06372574999999991,1.0026435365222512,1.2037037802211865,1.2005301349633477,1.0487133750000002,0.06685309066749927,1.313725,1.0,0.31372500000000003,0.06374772388833055,1.0508420807313,0.0449027265625001,2.3856042831248807,5.755495237288067,1.019608,1.019608,1.058824,0.03921599999999992,1.0020298260535676,1.252701673610294,1.2501640580340627,1.0499388750000005,0.07303181677454441,1.294118,0.980392,0.31372600000000006,0.06955816049248045,1.052475789506655,0.0510684921875003,1.920106334786727,2.784491005859522,1.0,1.019608,1.039216,0.03921599999999992,1.002416249714208,1.232565086229424,1.2295940798853096,1.0481006406250004,0.06530194191656151,1.313725,0.980392,0.333333,0.06230503005667551,1.0501329899096636,0.04647292089843766,1.9078890934635395,3.780923768972576,1.0,1.019608,1.058824,0.05882399999999999,1.0019390783727136,1.2534340206266865,1.2510082176477586,1.4947917656250003,3.483614466564233,29.137255,0.980392,28.156863,2.3305015097588986,3.790774614011748,0.863826976074219,7.99297380033159,63.92363812261156,1.0,1.019608,1.058824,0.05882399999999999,2.5359884240643744,19.492517733944815,7.686359113069047,1.266850640625001,1.635421537865127,14.235294,1.0,13.235294,1.290934768015187,2.068698661517696,0.40550320996093836,7.976660218453797,63.74573224206552,1.019608,1.039216,1.058824,0.03921599999999992,1.632945980512038,11.236757944075407,6.88127964928266,1.0631128437500004,0.07907725954905165,1.313725,0.980392,0.333333,0.07438275251206287,1.066049779102271,0.05729151562500012,1.7658457930879021,1.966109684799684,1.019608,1.029412,1.06372575,0.044117749999999845,1.0027625810087204,1.235734294551457,1.2323298834190448,1.0615810625,0.07384461702239094,1.372549,1.0,0.372549,0.06956097808347154,1.0641463149970556,0.05096306835937496,2.3109616446513854,5.309939315817302,1.019608,1.039216,1.058824,0.03921599999999992,1.0024164452321846,1.292929055052732,1.2898122942837966,1.0484070000000003,0.07688176847947274,1.333333,0.980392,0.35294100000000006,0.07333198698546721,1.0512221668008772,0.04961321875000013,2.3928275837802886,5.275534528723694,1.0,1.019608,1.039216,0.03921599999999992,1.0026851850482463,1.2717704097740665,1.2683646160712672,1.0554535625,0.08286735107516617,1.313725,0.980392,0.333333,0.07851349791162997,1.0587016673587308,0.057148072265625044,2.0179267621745036,3.125025607249075,1.0,1.019608,1.058824,0.05882399999999999,1.0030774493299706,1.2447018482634569,1.2408830934190425
9.0,1.028125,0.04164113801278735,1.16,0.96,0.19999999999999996,0.0405020187358418,1.02896792952939,0.033125000000000016,0.9708675913741995,0.9873312375277141,1.0,1.02,1.04,0.040000000000000036,1.000819870666884,1.1282674772036474,1.12734320158116,1.0057870312500001,0.035390901765129164,1.111111,0.962963,0.14814799999999995,0.03518727192290904,1.0064094932771839,0.025860795898437552,0.9970725931135538,1.1013517495037641,1.0,1.0,1.037037,0.03703699999999999,1.0006188805461234,1.1047179626278363,1.1040346970315982,1.020161265625,0.05967191305936,1.258065,0.935484,0.322581,0.058492627656081514,1.0219049589319769,0.04170860498046875,1.844879272117309,4.319547977495584,1.0,1.0,1.032258,0.0322579999999999,1.0017092330063213,1.2332020851911571,1.2310978521083222,1.00830078125,0.0432315075098839,1.1875,0.96875,0.21875,0.04287560647953619,1.0092271442598726,0.0321807861328125,1.6814660142013524,3.813682602281892,0.96875,1.0,1.03125,0.0625,1.0009187367768615,1.17772397094431,1.1766429457967718,1.0424105781249995,0.03233762626367153,1.171429,1.0,0.17142900000000005,0.03102196672048142,1.0429120458884664,0.026311520507812495,0.9336890480086781,2.358849299049848,1.028571,1.028571,1.057143,0.028572000000000042,1.0004810654975977,1.1237692945394588,1.1232289478467465,1.01097971875,0.0375345672682482,1.189189,0.945946,0.2432430000000001,0.03712692408375596,1.0116762503211412,0.02723814843750001,1.9552102156440239,7.0309980066483915,1.0,1.0,1.027027,0.027026999999999912,1.0006889669082604,1.1762738440196825,1.1754639882299402,1.01905478125,0.04032424593702464,1.219512,0.97561,0.24390199999999995,0.03957024360119467,1.0198522893041302,0.028034305664062485,2.314013607143095,8.761024415385478,1.0,1.0,1.02439,0.024389999999999912,1.0007825958611882,1.1967089723126698,1.195773165182678,1.0256698124999997,0.03322288991835816,1.142857,0.97619,0.166667,0.032391408534662484,1.0262077395383025,0.02425129296874983,1.3769054698929304,2.364925024590576,1.0,1.02381,1.047619,0.04761900000000008,1.0005244641421118,1.1142543010156112,1.1136702209186016,1.0197010312499994,0.03366026995489671,1.152174,0.978261,0.17391299999999998,0.033009940093553014,1.0202564417369535,0.023288809570312527,1.686445383905424,4.0354102436257975,1.0,1.021739,1.021739,0.021738999999999953,1.0005446797344837,1.1299135380765564,1.1292984321064037,1.015950515625,0.041297461870023054,1.1875,0.979167,0.208333,0.040649087957416286,1.01678952126564,0.027597941894531252,2.3433982107871163,5.982452549302967,1.0,1.0,1.020833,0.0208330000000001,1.0008258331756679,1.1688561418461065,1.1678916581692047,1.023590828125,0.024797339729769042,1.098039,0.980392,0.11764699999999995,0.024225832284168157,1.023891152163792,0.01870796191406242,0.45955085122654554,0.5577287857501876,1.014706,1.019608,1.039216,0.02450999999999981,1.0002934024324368,1.0727323553801016,1.072417705416744,1.01208728125,0.03423749364752989,1.150943,0.981132,0.16981100000000005,0.03382859787077271,1.0126662188694164,0.023575749023437495,2.354639440825441,7.035549145340657,1.0,1.0,1.018868,0.018868000000000107,1.0005720234115594,1.137197375485742,1.1365472438539144,1.0203682187499994,0.030091245937600323,1.125,0.982143,0.142857,0.02949057544585577,1.0208118263995203,0.020673418945312293,1.940212169016724,4.864744482788553,1.0,1.017857,1.035714,0.035714000000000024,1.0004347525151893,1.1025431597410782,1.102064034630123,1.0301536250000005,0.030460924058281234,1.140351,0.982456,0.1578949999999999,0.029569302402135622,1.030603880739406,0.02170712890625009,1.7494047486302142,3.541712036153382,1.017544,1.017544,1.035088,0.017544000000000004,1.0004370763044255,1.106971787824364,1.1064881680649756,1.019210984375,0.021008694018408894,1.081967,0.983607,0.09835999999999989,0.020612703689895803,1.0194274843729767,0.016665668945312424,0.26216956077754583,0.19236315110910507,1.0,1.016393,1.032787,0.0327869999999999,1.0002124192157422,1.0615731350888875,1.0613476844461278,1.0315019687499996,0.0397571014949565,1.258065,1.0,0.258065,0.03854292352261351,1.0322678618722985,0.023799744140624867,3.472269778243227,16.142105126694428,1.016129,1.016129,1.032258,0.016128999999999838,1.0007425028216157,1.219643818542155,1.2187389014690015,1.1783854843750001,0.17546271428212232,2.166667,0.833333,1.3333339999999998,0.14890094676886265,1.1913771501455586,0.10542799658203131,2.5665374258674998,14.977111989275887,1.083333,1.166667,1.25,0.1666669999999999,1.0110249709817574,1.8386742103745202,1.8186239342724373,1.0682092343750003,0.07928525172552235,1.307692,1.0,0.3076920000000001,0.07422258596361175,1.071147571320219,0.05898802441406262,1.6531939447134052,1.7628362389350025,1.019231,1.038462,1.076923,0.05769200000000008,1.002750712922771,1.2241908775157884,1.2208327171840885,1.0673077656249998,0.08553094419030866,1.346154,0.961538,0.38461600000000007,0.08013709535807882,1.0707293817662407,0.06400232666015619,1.6855728437401463,2.1815008442087045,1.019231,1.038462,1.076923,0.05769200000000008,1.0032058383265272,1.261261318764707,1.2572308399526946,1.0573919062499997,0.08529364900205035,1.346154,0.980769,0.36538500000000007,0.08066417805725508,1.060826399540987,0.06028383984374987,1.908955298913639,3.0254979870189214,1.0,1.038462,1.057692,0.05769200000000008,1.0032480797996342,1.2730889957102889,1.268967288693487,1.039362984375,0.0752852384538073,1.307692,0.980769,0.3269230000000001,0.07243401928449333,1.0420860235210687,0.05489400683593754,1.8299481275094356,2.4451460765617865,1.0,1.0,1.038462,0.038461999999999996,1.0026199116064405,1.2581667999138475,1.2548791275229703,1.0477942187500002,0.06257195854011519,1.235294,1.0,0.2352939999999999,0.05971779326551583,1.0496608856394853,0.044806939453125055,1.8619490665360212,2.5059603403732584,1.014706,1.019608,1.058824,0.04411799999999988,1.00178152050859,1.1789471423822928,1.1768505589759317,1.043505,0.06671599827440192,1.333333,0.980392,0.35294100000000006,0.06393452669072205,1.0456355528819543,0.04285381249999991,2.520771898952271,6.389511970043661,1.019608,1.019608,1.039216,0.019607999999999848,1.0020417275259386,1.2777447161249829,1.2751412251860617,1.0615810312500003,0.08008869413226515,1.313725,1.0,0.31372500000000003,0.07544284588239257,1.0645978042611328,0.05884261132812519,1.8167720604471251,2.2542552415366464,1.019608,1.029412,1.058824,0.03921599999999992,1.0028417736586537,1.237517402183706,1.2340106232999137,1.062806484375,0.08406392968096368,1.333333,0.980392,0.35294100000000006,0.07909617688341335,1.0661258685084767,0.06479772656250003,1.5712860514254918,1.6524214274759235,1.0,1.019608,1.06372575,0.06372574999999991,1.0031232253305535,1.2545397676831898,1.2506337566551589,1.0640319531250002,0.08513342905026897,1.333333,0.980392,0.35294100000000006,0.08001021849037242,1.0674322920039752,0.06312217822265637,1.7119863039012038,1.9737877294929316,1.019608,1.029412,1.058824,0.03921599999999992,1.0031957112462537,1.253094886938384,1.249103114069023,1.0548408281250001,0.0737072050286967,1.333333,0.980392,0.35294100000000006,0.06987519165305033,1.0574128449912923,0.04967063867187507,2.1343394718414945,4.139279032463178,1.019608,1.029412,1.058824,0.03921599999999992,1.0024382985543554,1.264013455347595,1.2609389098266344,1.0508580781250003,0.06472807696416039,1.294118,0.980392,0.31372600000000006,0.06159545071933199,1.0528496684275717,0.03990510742187513,2.4983268422613283,6.1103251476178775,1.019608,1.039216,1.058824,0.03921599999999992,1.0018952038757933,1.2314869409473805,1.2291574370088012,1.0526962500000003,0.06639169802651342,1.27451,0.960784,0.31372600000000006,0.06306823837029285,1.0547877759677093,0.04572610937500017,1.9580091517817972,3.1387794655596855,1.019608,1.029412,1.058824,0.03921599999999992,1.0019868276036026,1.2107101169971866,1.2083094144987676,1.0661766093750007,0.08257285625370049,1.372549,0.980392,0.392157,0.07744763440468386,1.06936936507844,0.06112120214843791,1.7595441861082333,2.5986049492081538,1.019608,1.039216,1.058824,0.03921599999999992,1.0029945842699652,1.2873561358700194,1.2835125493793451,1.0612746250000007,0.07869895973889596,1.352941,1.0,0.35294099999999995,0.07415513184336797,1.0641885903978088,0.059359605468750284,1.8263436896000513,2.940717211464248,1.019608,1.029412,1.078431,0.05882299999999985,1.0027457222938956,1.274826485180496,1.271335750267959,1.0628065,0.08145069408045276,1.333333,0.980392,0.35294100000000006,0.07663736915464175,1.0659230141095735,0.06063295312500001,1.6555117123343754,1.8926404840075461,1.019608,1.029412,1.058824,0.03921599999999992,1.00293234385523,1.254539749239396,1.2508717631111563
9.0,1.0306249999999995,0.04401260472864567,1.2,0.96,0.24,0.04270477111330085,1.031564346029854,0.03392578125000016,0.7003973057145504,2.1371296414722663,1.0,1.04,1.04,0.040000000000000036,1.000911433382515,1.1643420254699823,1.1632817716300474,1.0254629375000002,0.05066214523650614,1.222222,0.962963,0.2592589999999999,0.04940416994495828,1.026713635414517,0.03631362109374999,1.7520337485963497,4.088144563229279,1.0,1.0,1.037037,0.03703699999999999,1.0012196422403776,1.191873402055547,1.1904215136935918,1.00756046875,0.038567448946200386,1.16129,0.935484,0.22580599999999995,0.03827804895327816,1.0082983419137101,0.029312567382812474,1.2158604109685849,2.737916210074781,0.967742,1.0,1.032258,0.0645159999999999,1.0007323363575644,1.1525759852812805,1.1517325296756094,1.009765625,0.043101711895925605,1.1875,0.9375,0.25,0.0426848674868741,1.0106851017997642,0.03094482421875,1.7193322478019148,4.161696923376608,0.9921875,1.0,1.03125,0.0390625,1.0009105843742345,1.1760154738878144,1.174945586795902,1.0316962812499997,0.02817452831596563,1.085714,0.971429,0.11428500000000008,0.027308936581441845,1.0320809177535002,0.022056471679687422,0.17516954763346923,-0.46582500784017045,1.0,1.028571,1.057143,0.057142999999999944,1.0003728195114114,1.0523581597915161,1.0519659663539187,1.0198479531250002,0.05952888242494925,1.378378,0.972973,0.4054050000000001,0.058370350445418745,1.0215838366654086,0.03449637597656256,4.030993976879465,20.880425029300287,1.0,1.0,1.027027,0.027026999999999912,1.0017021003327893,1.3515524503200682,1.3492558814352595,1.00685971875,0.028426716971269275,1.097561,0.95122,0.14634100000000005,0.028233046214780132,1.0072609252220073,0.02338966601562497,0.6390461982719895,0.40188508936420764,0.97561,1.0,1.02439,0.048779999999999935,1.000398473058894,1.090083334908466,1.0896491390828944,1.0141370312499998,0.025504855692083894,1.095238,0.97619,0.11904799999999993,0.02514931898369518,1.0144576954296505,0.02022903320312502,0.9606859000133248,1.1361628021679158,1.0,1.0,1.02381,0.02381000000000011,1.0003161941333072,1.0799704243617227,1.079629051989336,1.0173233124999996,0.027222666421956025,1.108696,0.978261,0.13043499999999986,0.026759109997251767,1.0176874744847229,0.021134001953124995,0.9346934985212019,1.4148828703413212,1.0,1.021739,1.02717375,0.027173749999999997,1.0003579609159141,1.0898167636357987,1.0894267914237195,1.007487,0.029084440573956365,1.166667,0.979167,0.1874999999999999,0.028868303585015354,1.0079067218014273,0.020192312500000018,2.7145986506829347,12.867248983977234,0.979167,1.0,1.020833,0.04166600000000009,1.0004166026970345,1.1579970758927907,1.157514852083555,1.0226716875000001,0.035385735250890185,1.215686,0.980392,0.235294,0.03460126615746383,1.0232836999939678,0.02198232031250001,3.060388563074502,14.085283548961439,1.0,1.019608,1.039216,0.03921599999999992,1.0005984447417957,1.188735363322552,1.1880243963694197,1.0097288125000001,0.027300019543763068,1.113208,0.981132,0.13207599999999997,0.027036981817098602,1.0100978001459808,0.01984456640625006,1.7907609463798546,3.667214579103243,1.0,1.0,1.018868,0.018868000000000107,1.0003654324224611,1.1024821578021473,1.1020794222491301,1.0301338124999997,0.03706630670833141,1.160714,0.964286,0.19642800000000005,0.03598203093477375,1.030800457289761,0.026855402343749946,1.675640458920777,3.6925712657641707,1.0,1.017857,1.04017825,0.04017825000000008,1.0006471438774964,1.1267604129827555,1.1260317084567608,1.0285088750000004,0.026768740937133665,1.105263,0.982456,0.12280700000000011,0.02602674764195268,1.0288571676598868,0.02268369140625011,0.7703079222314887,-0.0784951800583551,1.013158,1.017544,1.052632,0.03947400000000001,1.0003386384584054,1.0746266044617259,1.0742628177571982,1.029456875,0.03900766767112107,1.163934,0.983607,0.18032700000000002,0.03789150242075082,1.030195639488882,0.028216347656249946,1.8154018372625575,3.6053236268541324,1.0,1.016393,1.0368852499999999,0.03688524999999987,1.000717625484683,1.1306291970705427,1.1298184105860423,1.0347781562499994,0.04143799052923038,1.193548,0.983871,0.209677,0.04004528920420996,1.0356075220426173,0.02824150097656224,2.126759321953654,5.126524444277854,1.01209675,1.0241935,1.048387,0.03629024999999997,1.0008014913994934,1.1534337024714332,1.152509975638129,1.17578125,0.13984518621262493,1.666667,0.833333,0.8333339999999999,0.11893809857286372,1.184068504757392,0.10660799999999998,0.16855117135155562,1.4898989285222006,1.083333,1.166667,1.25,0.1666669999999999,1.007048296404958,1.417497514950166,1.4075764985755526,1.0600962500000002,0.06208252621385303,1.25,0.980769,0.269231,0.05856310331618758,1.0619125667046023,0.044996960937500066,1.48860637127249,1.461062120376683,1.019231,1.038462,1.076923,0.05769200000000008,1.0017133507496156,1.1791382150441527,1.177121393222686,1.06009625,0.07711055309343204,1.346154,0.980769,0.36538500000000007,0.07273919994852547,1.0628970301315355,0.05769221874999997,1.800581947935574,3.12311647661756,1.019231,1.038462,1.0624997500000002,0.04326875000000019,1.0026420055080238,1.2698412997876374,1.266495212460431,1.0516827187499997,0.07218543036567107,1.211538,0.980769,0.230769,0.06863803034765906,1.0541571406932027,0.05761709960937492,1.2397407936229887,0.10915877858015932,1.0,1.019231,1.0624997500000002,0.06249975000000019,1.0023528217199802,1.1519995321782979,1.1492954448928794,1.02884615625,0.07008355280088426,1.307692,0.942308,0.36538400000000004,0.06811859321740481,1.0312303901668114,0.04717546777343748,2.1910200402050046,4.588419482341849,1.0,1.0,1.019231,0.019230999999999998,1.0023173862314865,1.2710277353480661,1.268089083166438,1.0505516406250006,0.06304349414525438,1.294118,0.980392,0.31372600000000006,0.0600098954752459,1.0524415574149102,0.042451778320312675,2.079475069050227,4.128401568159198,1.019608,1.029412,1.058824,0.03921599999999992,1.001798975620832,1.2318461558254248,1.2296340741035678,1.0499388437500001,0.07360532873462246,1.352941,0.980392,0.3725489999999999,0.07010439624438597,1.0525157101123095,0.05150891015625,2.200785134479813,5.047374259773956,1.0,1.019608,1.058824,0.05882399999999999,1.0024543013887415,1.2885902908094973,1.2854354448121572,1.0545344531250005,0.07082175473039022,1.27451,0.980392,0.294118,0.06715926115122886,1.0569099459134323,0.0518344213867189,1.6486547282426556,1.758832851304482,1.014706,1.019608,1.058824,0.04411799999999988,1.002252645972251,1.2085996775383918,1.2058832494934157,1.0597427656250002,0.07998078395557397,1.313725,0.960784,0.35294100000000006,0.07547188482896038,1.0627566302294575,0.059646821289062596,1.6333525034279575,1.6758606732113472,1.019608,1.019608,1.058824,0.03921599999999992,1.002843958649418,1.2396640417028086,1.2361484865225978,1.0563726718750002,0.08613374958332515,1.294118,0.980392,0.31372600000000006,0.08153727550566292,1.0598784103384735,0.06426165380859378,1.6830274582298002,1.4699973983477568,1.0,1.019608,1.039216,0.03921599999999992,1.0033186569066113,1.2250581962736842,1.221006095960311,1.05453446875,0.08387001625561888,1.411765,0.980392,0.4313729999999999,0.07953274050400155,1.0578644173090248,0.05558750097656252,2.3517814056405406,5.541160820117528,1.019608,1.019608,1.058824,0.03921599999999992,1.0031577427364438,1.338756618997429,1.3345424771836267,1.0554536093750004,0.06282880143408982,1.294118,0.980392,0.31372600000000006,0.05952777163867454,1.0573219849375874,0.04347618701171882,2.0361801113865496,4.312411469438093,1.019608,1.039216,1.058824,0.03921599999999992,1.0017702109746855,1.226124946189087,1.2239582818060768,1.0539217031250006,0.06132341712456782,1.254902,1.0,0.25490199999999996,0.058185932543885134,1.0557042757352717,0.04243253857421894,1.9232289379662062,2.9127083033520176,1.019608,1.039216,1.058824,0.03921599999999992,1.001691371005062,1.1906975596755143,1.188687048866968,1.0646447968750001,0.07863634921133397,1.294118,0.980392,0.31372600000000006,0.07386158223113606,1.067544949372296,0.056889495117187605,1.8101955191304209,2.3333419294409747,1.019608,1.039216,1.058824,0.03921599999999992,1.0027240564231454,1.2155396840322346,1.2122374807364567,1.0582108750000003,0.08047042693077922,1.313725,1.0,0.31372500000000003,0.07604384800031391,1.0612661049796548,0.05796179296875015,1.8745427222537328,2.429982150845487,1.019608,1.019608,1.058824,0.03921599999999992,1.0028871655468996,1.2414586081436743,1.23788463028807,1.060049125,0.09044581272343748,1.392157,0.980392,0.41176500000000005,0.08532228421342028,1.0639006497095813,0.0680912578125,1.8637326640039895,2.7143672054892516,1.014706,1.019608,1.039216,0.02450999999999981,1.0036333454919661,1.3132947965972805,1.308540417171495
9.0,1.0424999999999993,0.04351723796382304,1.16,0.96,0.19999999999999996,0.041743153922132445,1.0434078780611156,0.03351562499999973,0.7677879546273132,0.1700719815163092,1.0,1.04,1.08,0.08000000000000007,1.0008708662456751,1.1127098321342932,1.1117416538540408,1.000578703125,0.028154962713458537,1.111111,0.962963,0.14814799999999995,0.02813867877211974,1.0009747464710104,0.014901605468749971,1.5032274557002272,4.064138260503081,1.0,1.0,1.0,0.0,1.0003958142870455,1.1104683684849441,1.1100290031464637,1.0075604687499997,0.03549396508341627,1.129032,0.935484,0.19354800000000005,0.03522762770501587,1.0081854590029864,0.02706017773437489,0.7411158285752412,1.392665469799745,1.0,1.0,1.032258,0.0322579999999999,1.0006203004905125,1.1205600408288154,1.1198653877794678,1.0048828125,0.03503396702080488,1.15625,0.96875,0.1875,0.03486373394490203,1.0054933344896548,0.02392578125,1.7950120144077868,4.899237294602902,0.96875,1.0,1.0078125,0.0390625,1.000607555410502,1.1506316812439261,1.1499330332078856,1.0424105624999997,0.040718150565378634,1.171429,0.971429,0.20000000000000007,0.03906152914234179,1.04320551599243,0.031584953124999975,1.1767528540892636,1.3390452372307902,1.028571,1.028571,1.057143,0.028572000000000042,1.0007626107418979,1.1237693113839686,1.1229129658939614,1.0122466093749998,0.03237945970954098,1.135135,0.945946,0.18918900000000005,0.031987718614867294,1.0127643494921543,0.024757154296874948,1.174205986894366,2.96529057680642,1.0,1.0,1.027027,0.027026999999999912,1.0005114762671068,1.1214016322572582,1.1208283551540967,1.0072408593750004,0.030694225306270553,1.097561,0.95122,0.14634100000000005,0.030473570467858622,1.0077084321675795,0.02268709228515637,1.293113426744695,1.9891106379593069,0.9939025,1.0,1.02439,0.03048749999999989,1.0004642115023703,1.089670846634482,1.0891652436004209,1.0159971562499999,0.026303584331690177,1.119048,0.97619,0.14285800000000004,0.025889427120815506,1.016337591579088,0.020473139648437524,1.4022641817623547,2.813155868556664,1.0,1.0,1.02381,0.02381000000000011,1.0003350750806672,1.10142827971129,1.1010593421633952,1.0166439843749997,0.03388405553708678,1.152174,0.978261,0.17391299999999998,0.033329322809024065,1.0172084939605623,0.02400001318359368,2.024893910848497,4.9830648418653025,1.0,1.0,1.021739,0.021738999999999953,1.0005552677183347,1.1333111863228305,1.1326822444373634,1.0126953593749999,0.03563369696051721,1.145833,0.979167,0.1666660000000001,0.03518698553384216,1.0133220866332353,0.02577709667968748,1.8811779768043702,3.7685587470855957,1.0,1.0,1.020833,0.0208330000000001,1.0006188704751469,1.1314685995077218,1.130768800083133,1.0180760781250002,0.02691731777435803,1.098039,0.980392,0.11764699999999995,0.026439397165614473,1.0184318547878142,0.02123557324218748,0.9234887775580852,0.8876236987221304,1.0,1.019608,1.039216,0.03921599999999992,1.0003494598001645,1.078543169408585,1.0781663935961348,1.0097287968750002,0.02709541676429089,1.150943,0.981132,0.16981100000000005,0.026834350815930212,1.0100922754126307,0.0188956215820313,2.464310083386556,10.604714122755613,1.0,1.0,1.018868,0.018868000000000107,1.0003599764003517,1.1398535958982672,1.139443423156395,1.0234373906249996,0.03583609063003787,1.178571,0.982143,0.19642800000000005,0.03501542054092165,1.0240646063217655,0.022146979980468568,2.669823148290274,8.253369617073396,1.0,1.017857,1.035714,0.035714000000000024,1.000612852044015,1.151580947497201,1.1508756310143267,1.0296054062500004,0.026109377647048793,1.140351,1.0,0.1403509999999999,0.02535862524473684,1.0299364020075914,0.01901732519531252,1.7226892755051686,4.6455035988262985,1.017544,1.017544,1.035088,0.017544000000000004,1.0003214782630139,1.1075612007063502,1.1072052582831173,1.023821640625,0.030659640931915245,1.114754,0.983607,0.131147,0.029946271611526812,1.024280608717231,0.0233975307617187,1.1613294169556039,1.3127078955867209,1.0,1.016393,1.032787,0.0327869999999999,1.0004482891101527,1.0888166021959544,1.0883287162841777,1.0264616406249996,0.02827857883980335,1.177419,0.983871,0.19354799999999994,0.027549571967039003,1.0268510981129475,0.018499521972656127,2.7972000558284837,12.066037224578047,1.016129,1.016129,1.032258,0.016128999999999838,1.0003794174789726,1.1470657581349892,1.1466307064030532,1.2200520468749998,0.11254549758784084,1.5,1.0,0.5,0.09224647249771932,1.225232013175942,0.09025060058593759,0.0638219871650779,0.02283871792306469,1.166667,1.25,1.25,0.0833330000000001,1.0042456928900778,1.2294557464511857,1.2242579232906492,1.0603967187500005,0.07439241132805247,1.326923,0.980769,0.3461540000000001,0.07015526360336771,1.0630030253950216,0.052133328125000225,1.9921968371555172,3.659708849977802,1.019231,1.038462,1.0624997500000002,0.04326875000000019,1.0024578599678178,1.2513458185387274,1.2482777266855882,1.0673077343750004,0.08586803217060071,1.326923,1.0,0.3269230000000001,0.08045292787171993,1.07075633026639,0.06340137451171893,1.6738850594678072,1.750003835410471,1.019231,1.038462,1.057692,0.03846100000000008,1.0032311167438595,1.243243122169471,1.2392389962988863,1.0555889375000003,0.08102900431035386,1.326923,0.961538,0.36538500000000007,0.0767618922781235,1.058694339510657,0.0586687343750001,1.6595927603180176,2.2175951024922895,1.0,1.019231,1.057692,0.05769200000000008,1.0029418667630332,1.2570451933141822,1.2533579811273214,1.0384615000000004,0.07509855950099842,1.307692,0.961538,0.3461540000000001,0.07231713404974416,1.0411734152490524,0.05348560937500009,1.9218110628596252,3.4523987214855936,0.99519225,1.0,1.057692,0.062499750000000076,1.0026114740402527,1.2592590096021852,1.2559790529104082,1.0533089687500001,0.0783906578081392,1.333333,1.0,0.3333330000000001,0.07442323205618218,1.056221983714021,0.05256204785156253,2.273525817079594,4.431599665538793,1.019608,1.019608,1.058824,0.03921599999999992,1.0027655845060142,1.2658517486871061,1.262360583815503,1.0462624062499999,0.06970160170768108,1.313725,0.980392,0.333333,0.06661961788104827,1.0485815829074325,0.046329309570312414,2.178117994151858,4.526237745195818,1.0,1.019608,1.039216,0.03921599999999992,1.0022166300189883,1.2556362458903938,1.2528591207537678,1.0603555312500004,0.08012155992673116,1.392157,0.980392,0.41176500000000005,0.07556103360188997,1.0633782567917982,0.05560654687500013,2.1785930592422056,4.986431489936391,1.019608,1.039216,1.06372575,0.044117749999999845,1.0028506717348231,1.3129152996060252,1.30918324792546,1.0563726875000004,0.08006118672046918,1.313725,0.980392,0.333333,0.07578877006934084,1.0594022128139355,0.05606619531250016,1.9356870974518194,2.9569467242709937,1.014706,1.019608,1.058824,0.04411799999999988,1.0028678565337625,1.2436188624954387,1.2400625410348578,1.0732231875000002,0.08872693762146645,1.313725,0.980392,0.333333,0.08267333268129415,1.0768846176110716,0.06833055664062511,1.4231892595614897,0.8690864960540781,1.019608,1.039216,1.078431,0.05882299999999985,1.003411620391468,1.224093008147012,1.2199310664445444,1.0481006875000003,0.06209549044663869,1.27451,0.980392,0.294118,0.059245730097509046,1.0499385225201432,0.04313159179687509,1.8785950202376527,2.9802085620505023,1.019608,1.019608,1.058824,0.03921599999999992,1.001753490902221,1.216018666145565,1.213890120862337,1.0548408437500005,0.0642118720718808,1.254902,0.980392,0.2745099999999999,0.060873517035617504,1.056793437791032,0.04660691015625015,1.672132815362162,1.871355101378053,1.019608,1.039216,1.058824,0.03921599999999992,1.001851079290872,1.1896600396499382,1.1874619534192656,1.0505516718750003,0.05500301533042719,1.215686,1.0,0.21568600000000004,0.05235631602228483,1.0519905641092022,0.03906250781250015,1.8509682689270037,2.1893363640869534,1.019608,1.029412,1.0441179999999999,0.02450999999999981,1.0013696539377581,1.1571882017285944,1.155605422211568,1.060968281250001,0.07121491840712448,1.27451,0.980392,0.294118,0.06712257064199996,1.0633556594208322,0.05230343066406305,1.7034345582515478,1.7734053324125698,1.019608,1.039216,1.058824,0.03921599999999992,1.0022501880716155,1.2012705964201027,1.1985735804464286,1.0533089843750003,0.06752161052639279,1.27451,0.980392,0.294118,0.06410427664438649,1.0554709775513358,0.047296291992187614,1.8338913072021452,2.6905396226742413,1.019608,1.039216,1.058824,0.03921599999999992,1.0020525726148803,1.2100058187163887,1.2075272812870979,1.0646447031250001,0.0784067511274698,1.254902,0.980392,0.2745099999999999,0.07364593173415154,1.0675279680244845,0.06308390771484383,1.2388292192355421,0.13956895277039028,1.019608,1.019608,1.0833329999999999,0.06372499999999981,1.002708194471847,1.1787049673159005,1.17552142668661
9.0,1.0281249999999995,0.0456506777058129,1.2,0.96,0.24,0.04440187497221926,1.0291379888042227,0.03474609375000004,1.2586434061403593,2.7479987309795986,1.0,1.04,1.04,0.040000000000000036,1.00098527786429,1.1671732522796359,1.1660243942547543,1.02199071875,0.04378301251179955,1.185185,0.962963,0.22222199999999992,0.04284091010665018,1.0229281408758635,0.03349244335937497,1.6592759518175422,2.881558694342237,1.0,1.0,1.037037,0.03703699999999999,1.0009172511145796,1.159682742960331,1.1586199974762714,1.0171370781249998,0.053787568138262826,1.322581,0.967742,0.354839,0.052881336542578254,1.0185582645008044,0.03647928027343744,3.0612081364488914,15.203877227057216,0.9919355,1.0,1.032258,0.04032249999999993,1.0013972417350319,1.3002976967844477,1.298483401583509,1.0078125,0.03360283307438526,1.125,0.9375,0.1875,0.03334234599628925,1.008372543035001,0.0244140625,1.2549187126734391,3.0840633750505546,1.0,1.0,1.03125,0.03125,1.000555701616125,1.1162790697674418,1.1156590962046364,1.0446427187499994,0.05022274603033122,1.285714,0.971429,0.31428500000000004,0.048076481201560335,1.0458492884045099,0.032087219726562394,2.730982176340814,9.919936241264619,1.028571,1.028571,1.057143,0.028572000000000042,1.0011550070017758,1.230769120315568,1.229349213366502,1.015624984375,0.04347607344365266,1.162162,0.972973,0.18918899999999994,0.04280721143386126,1.0165551032033617,0.032912762695312486,1.5277921495531277,2.573846946695042,0.972973,1.0,1.027027,0.054053999999999935,1.0009158093220147,1.1442826022197323,1.1432356163849875,1.0053353593750005,0.03001717413226093,1.121951,0.97561,0.14634099999999994,0.029857871656799262,1.0057833840109645,0.021555684082031477,1.628648108309786,3.4151564940051857,0.97561,1.0,1.02439,0.048779999999999935,1.0004456469493348,1.1159967562441029,1.1154996372337853,1.0208334374999994,0.03300760628669314,1.190476,0.97619,0.2142860000000001,0.032333978369211834,1.0213669317100704,0.023158642578125062,2.3559068928416553,9.752524940906987,1.0,1.02381,1.02976225,0.0297622500000001,1.0005226065198036,1.1661804524305668,1.1655713172608702,1.0152852968749997,0.029186250563021782,1.086957,0.978261,0.1086959999999999,0.0287468464803496,1.0157047165748931,0.022683769042968746,0.8029120796934104,0.4118084593027813,1.0,1.021739,1.021739,0.021738999999999953,1.0004131052633032,1.0705926731585718,1.0701505883180105,1.01367190625,0.03041833948650403,1.125,0.979167,0.145833,0.03000807194019444,1.014128201411254,0.022521916992187488,1.7341190419443486,3.4859486532957087,1.0,1.0,1.020833,0.0208330000000001,1.0004501408773794,1.1098265553810698,1.109327201861123,1.0257354375,0.03616763232153983,1.156863,0.980392,0.17647099999999993,0.035260195757387806,1.0263728783298316,0.025390744140624984,1.881562542256159,4.482657163273752,1.0,1.019608,1.039216,0.03921599999999992,1.0006214476038628,1.127837605786141,1.1271371491056046,1.0056014375000002,0.02229492120828406,1.075472,0.981132,0.09433999999999998,0.022170733231757195,1.0058485545119353,0.01772560156250009,0.9674235020143411,0.5035416469598029,0.981132,1.0,1.018868,0.0377360000000001,1.000245740511817,1.0694813669655279,1.0692186166354316,1.0242744531249997,0.033906072909182565,1.160714,0.982143,0.17857100000000004,0.03310252716519208,1.0248354878245778,0.025006904296874872,1.8778187333987846,4.422549315297328,1.0,1.017857,1.035714,0.035714000000000024,1.0005477386435506,1.1332060430275612,1.1325856820823526,1.0257677031250005,0.02631006345944437,1.192982,1.0,0.192982,0.025649143933164188,1.0261050629509523,0.01605338818359387,4.1039999226788755,24.864593732320635,1.017544,1.017544,1.035088,0.017544000000000004,1.000328885209511,1.1630138055288552,1.162631433246348,1.0181864218749999,0.024092848909741782,1.098361,0.983607,0.11475399999999991,0.02366251247524454,1.0184714306543918,0.018290629394531153,1.1068645455315398,1.3666599639124275,1.0,1.016393,1.032787,0.0327869999999999,1.0002799180712576,1.0787425331967773,1.0784406581677772,1.0244455156249994,0.022449203328008212,1.112903,0.983871,0.12903199999999992,0.021913516127123927,1.0246914565927807,0.016688159667968574,1.4981759947810827,3.316241268690062,1.016129,1.016129,1.032258,0.016128999999999838,1.0002400722771785,1.0863466948957592,1.0860859557671467,1.11328125,0.17202786352525135,1.666667,0.75,0.9166669999999999,0.15452327390338366,1.1264939979558812,0.13098157031250002,0.7457958854700109,1.3748326685000212,1.0,1.083333,1.25,0.25,1.0118682929007214,1.4970763228070174,1.4795169819140699,1.0513823281250003,0.08130933191677146,1.365385,0.980769,0.38461600000000007,0.07733564635975552,1.0545216960073875,0.05423667968750017,2.249181344339294,4.566524379355306,1.0,1.019231,1.0432695,0.04326950000000007,1.0029859431706312,1.2986569808862791,1.2947908091124136,1.0465745937500002,0.06555088683460895,1.269231,0.980769,0.288462,0.0626337455792161,1.0486254331494071,0.047372528320312565,1.8202955201975977,2.6911898652539064,1.0,1.019231,1.057692,0.05769200000000008,1.0019595730793145,1.2127477655005896,1.210375945382169,1.0435698125000004,0.0685195106091768,1.269231,0.980769,0.288462,0.06565877029829931,1.0458168467257574,0.048687212890625185,1.869506890936893,2.8345707461651797,1.0,1.019231,1.038462,0.038461999999999996,1.0021532188827635,1.216239665805779,1.2136264623903388,1.0351563125,0.06829257957102546,1.288462,0.961538,0.326924,0.06597320496079712,1.0374066067521754,0.047344597656250015,1.9950996542216188,4.010882417892605,1.0,1.019231,1.038462,0.038461999999999996,1.0021738690331132,1.2447028380556777,1.2420028864418047,1.05514721875,0.07585179993342052,1.313725,0.980392,0.333333,0.07188740925013268,1.0578701001488795,0.05304077636718749,1.9518882395419417,3.1915501768369916,1.019608,1.019608,1.058824,0.03921599999999992,1.002580570133242,1.2450632259224728,1.241858522908543,1.0600491875000007,0.07895615966112836,1.333333,0.980392,0.35294100000000006,0.07448348679681273,1.0629855855409536,0.05284917968750044,2.023775364239021,3.2825585705031814,1.019608,1.039216,1.058824,0.03921599999999992,1.0027700582912364,1.2578029545445024,1.254328391782911,1.05943634375,0.07664691280398599,1.333333,1.0,0.3333330000000001,0.07234687884378706,1.0622053076975044,0.057291515625,1.8309947468262415,2.551992362494534,1.019608,1.019608,1.06372575,0.044117749999999845,1.0026136199346374,1.2585305458565925,1.2552497999564767,1.05238984375,0.06613597991123545,1.333333,0.980392,0.35294100000000006,0.06284361285317225,1.0544659079680905,0.04589840039062505,2.1476783686219894,4.897200411713993,1.019608,1.039216,1.058824,0.03921599999999992,1.0019727140378822,1.2669573047654186,1.2644628810895122,1.0582109531250001,0.07319931330458934,1.294118,0.980392,0.31372600000000006,0.06917270425941503,1.0607396291182793,0.05189187597656256,1.8281316334180526,2.4927399103695684,1.019608,1.029412,1.058824,0.03921599999999992,1.0023895764694286,1.2229300747439285,1.2200147561901806,1.0588236875000003,0.0730375887274566,1.294118,0.980392,0.31372600000000006,0.06897993461017708,1.061339762082915,0.05085783007812514,2.013815488175641,3.5670552964887268,1.019608,1.039216,1.058824,0.03921599999999992,1.002376292306848,1.222222373070965,1.2193249006899072,1.0597427812500002,0.07892225816992089,1.313725,0.980392,0.333333,0.0744730321039126,1.0626775076410178,0.059034095703125095,1.630248692067634,1.618256783082093,1.019608,1.019608,1.058824,0.03921599999999992,1.0027692817945464,1.2396640234250238,1.2362405250453352,1.0572918281250006,0.06579444439586891,1.313725,1.0,0.31372500000000003,0.06222921869409382,1.0593370184852724,0.0444622636718752,2.1431460967373117,4.265471229201602,1.019608,1.039216,1.058824,0.03921599999999992,1.0019343669419054,1.2425377412873393,1.2401388576776753,1.0646447031250006,0.08452702031778057,1.333333,0.980392,0.35294100000000006,0.07939458118720026,1.0679949255759233,0.06362959863281285,1.7490271290953636,2.180912031553678,1.019608,1.039216,1.0441179999999999,0.02450999999999981,1.0031467985902611,1.2523736755429598,1.2484450703555463,1.0533089687500001,0.07373076004880202,1.313725,0.980392,0.333333,0.06999917615464814,1.0558863616064766,0.0486174873046875,2.2202798644972295,4.163471339840762,1.019608,1.019608,1.058824,0.03921599999999992,1.0024469485525556,1.2472361282170084,1.2441916552471,1.0560663437500004,0.0677346510635017,1.27451,1.0,0.27451000000000003,0.0641386324489632,1.0582363182938808,0.04855050292968763,1.7869848185658426,2.344607878500467,1.019608,1.019608,1.058824,0.03921599999999992,1.0020547710441894,1.206846527723178,1.2043718193822737
9.0,1.0287499999999996,0.04922842166878806,1.2,0.96,0.24,0.047852657758238715,1.0299271818920017,0.03769531249999998,1.3839674093417635,2.138831537330729,1.0,1.0,1.04,0.040000000000000036,1.0011442837346314,1.1664641555285544,1.1651309151736051,1.0098379531250004,0.034794450195231245,1.148148,0.962963,0.18518499999999993,0.03445547880980098,1.0104372050434796,0.025716120117187647,1.2890643273196754,2.885542007013669,1.0,1.0,1.037037,0.03703699999999999,1.0005934139399542,1.1369626150878875,1.136288325755577,1.00252015625,0.029246844886040024,1.064516,0.967742,0.09677400000000003,0.029173323552356283,1.0029466793520543,0.022697157226562445,0.4860983617552818,-0.5445570464507994,0.967742,1.0,1.032258,0.0645159999999999,1.0004254508993113,1.0618399972943189,1.0613884286328383,1.0185546875,0.04775180929061582,1.21875,0.9375,0.28125,0.04688192973498619,1.019673421600637,0.035125732421875,1.634439886125665,4.083266123116202,1.0,1.0,1.03125,0.03125,1.0010983544765601,1.1965484180249282,1.1952356256249788,1.0285713281249997,0.031134926907461315,1.085714,0.971429,0.11428500000000008,0.030270070782760106,1.0290424484511609,0.025000065917968686,0.29680077545912775,-0.7968714087836757,1.0,1.028571,1.057143,0.057142999999999944,1.0004580336951643,1.0555553808593583,1.0550721222765271,1.01266890625,0.03444244613877562,1.135135,0.972973,0.16216200000000003,0.03401155691283043,1.013254457568085,0.026367161132812497,1.3704930329542002,2.121537869168993,1.0,1.0,1.027027,0.027026999999999912,1.0005782258292628,1.1209339923386237,1.1202862139135719,1.0133383750000002,0.039026578010816895,1.170732,0.95122,0.21951200000000015,0.038512878791170706,1.0140896094719023,0.028105781250000055,1.8816289508593484,4.825480403442564,1.0,1.0,1.02439,0.024389999999999912,1.0007413461193573,1.1553218834725367,1.1544660245652956,1.0226935468749998,0.03271917348480939,1.119048,0.97619,0.14285800000000004,0.03199313575878908,1.0232168074915975,0.025669796875000032,1.122304126876307,0.9957574779356797,1.0,1.011905,1.047619,0.04761900000000008,1.0005116494752475,1.0942163499705522,1.0936567810524256,1.015964640625,0.03220815678004134,1.130435,0.978261,0.15217400000000003,0.031702045024153164,1.0164750446338822,0.025433001953124968,1.2997809900444695,2.0970053222766296,1.0,1.0,1.043478,0.043477999999999906,1.0005023836346982,1.112671597807361,1.1121128904912412,1.012369796875,0.04476106823463463,1.270833,0.958333,0.3125000000000001,0.044214148202370164,1.0133588499905817,0.027445314941406285,3.5276273309765473,17.345056970059037,0.979167,1.0,1.020833,0.04166600000000009,1.0009769682171819,1.2553051305193306,1.254079934281732,1.0177697031250001,0.026104731863136228,1.137255,0.980392,0.15686299999999986,0.02564895750284493,1.0181044276619158,0.01849734667968749,1.9256239790604395,5.955173488558111,1.0,1.019608,1.019608,0.01960800000000007,1.0003288804293229,1.1173991488527586,1.1170317789617263,1.0088443593750003,0.03513582320632995,1.207547,0.962264,0.24528299999999992,0.034827793682761246,1.009456025547988,0.022534710449218846,3.284182008129484,15.809467762918938,0.981132,1.0,1.018868,0.0377360000000001,1.0006063038042525,1.196960649854949,1.1962353678006699,1.0228793281249997,0.02286576620740511,1.071429,0.982143,0.08928599999999998,0.022354314510705242,1.0231348704690415,0.018554597656249932,0.22894366501136723,-0.4926573309898594,1.0,1.017857,1.035714,0.035714000000000024,1.0002498264819861,1.047463733541272,1.0472021147210229,1.0260418281250006,0.025760314253805868,1.157895,0.982456,0.1754389999999999,0.025106495220453665,1.0263651527855697,0.01804936376953134,2.2302980221193365,9.78075785632917,1.017544,1.017544,1.035088,0.017544000000000004,1.0003151184013228,1.1285066244481954,1.12815112326978,1.020747890625,0.027529555062535273,1.114754,0.983607,0.131147,0.02696998476840254,1.0211190589825105,0.022484984863281227,0.8649900720755901,0.6389527713005161,1.0,1.016393,1.0368852499999999,0.03688524999999987,1.0003636239280231,1.0920953256317194,1.0916983579865718,1.0249495468749996,0.023672035723170334,1.129032,1.0,0.12903200000000004,0.02309580583292586,1.0252228728011032,0.017759226074218645,1.7126916555743903,4.7410821359160815,1.016129,1.016129,1.032258,0.016128999999999838,1.0002666725664078,1.1015488552020347,1.1012551806567392,1.1953125,0.12605351356194916,1.416667,0.833333,0.5833339999999999,0.10545653422176139,1.2019407060822769,0.10148107812499998,-0.5807854983274273,0.24478001797217397,1.083333,1.25,1.25,0.1666669999999999,1.0055451658727546,1.1851854640522874,1.178649656202778,1.079327,0.07658422421589185,1.288462,0.980769,0.307693,0.07095553452836059,1.0820406260061357,0.06355162499999994,0.9332351946154073,-0.27702973974025946,1.019231,1.0480770000000001,1.153846,0.13461499999999993,1.002514183381066,1.1937642623597855,1.1907704470910445,1.1039664843750008,0.11155081305592199,1.326923,0.980769,0.3461540000000001,0.1010454707047337,1.1095880237803284,0.10015396435546897,0.8408235606683719,-0.9468627367560076,1.019231,1.038462,1.192308,0.17307699999999993,1.005092128687684,1.2019594967606502,1.1958699729645772,1.0345553593750005,0.05889957113181281,1.230769,0.980769,0.25,0.05693225654680813,1.036230645701548,0.03898741796875014,2.1551705762232047,4.077199929265769,1.0,1.019231,1.038462,0.038461999999999996,1.0016193298032494,1.1896598754691452,1.187736538294277,1.018629828125,0.04949460040580021,1.230769,0.961538,0.269231,0.048589388450272775,1.0198315754159104,0.029991874511718745,2.862641653624705,9.607455378600289,1.0,1.0,1.019231,0.019230999999999998,1.0011797684082377,1.208259336235506,1.2068355497799375,1.0407476875000001,0.05677650832619809,1.215686,0.980392,0.235294,0.054553576249188725,1.0422952177451037,0.03736787695312507,2.0678148414810895,3.5295758110429922,1.0,1.019608,1.039216,0.03921599999999992,1.001486940844251,1.1680890715406946,1.1663547709928181,1.0309437812500004,0.03949125882769372,1.176471,0.980392,0.196079,0.03830592855394238,1.031699878657473,0.028425747070312524,1.9516321926843934,4.704020908922562,1.0,1.019608,1.039216,0.03921599999999992,1.0007334031411061,1.1411592187631712,1.1403229023647017,1.0631128593750003,0.07462164130043543,1.254902,0.980392,0.2745099999999999,0.07019164582799345,1.0657285494528423,0.06192548535156263,1.1319773406128617,-0.0784231044734538,1.019608,1.029412,1.122549,0.10294099999999995,1.0024604067712808,1.1804033682160064,1.1775062239294252,1.0928309687500006,0.08777388592908923,1.352941,1.0,0.35294099999999995,0.08031789767953461,1.0963502092443622,0.07943655566406266,0.7050433813951986,-0.6078418634645884,1.019608,1.058824,1.176471,0.15686299999999997,1.003220297186844,1.2380148794168213,1.234040900974961,1.0435050625000002,0.05988310044731814,1.313725,0.980392,0.333333,0.05738649729580793,1.045221890883612,0.03741577734375008,2.7535986142649604,8.809929668612124,1.019608,1.019608,1.058824,0.03921599999999992,1.0016452516095118,1.2589541222278449,1.2568862281380275,1.0379903593750004,0.055877537021085014,1.254902,0.980392,0.2745099999999999,0.053832423891422516,1.0394932829503927,0.03408405175781253,2.678337267383856,7.345440850746365,1.0,1.019608,1.039216,0.03921599999999992,1.0014479166996284,1.2089726929213556,1.207224732071585,1.0545344531250005,0.07462162231173548,1.313725,0.980392,0.333333,0.07076262144930615,1.057171367065945,0.04850257470703141,2.365838084208027,5.2953670864404225,1.019608,1.039216,1.058824,0.03921599999999992,1.0025005479272207,1.2457867034186658,1.2426793242103118,1.0505516093750003,0.07694706069203872,1.372549,0.980392,0.392157,0.07324443654683131,1.0533658121040133,0.04641541406250009,2.775846916271708,7.615605302525082,1.019608,1.019608,1.0441179999999999,0.02450999999999981,1.0026787857958612,1.306503162482959,1.303012670648997,1.066789375,0.08970167077030604,1.313725,1.0,0.31372500000000003,0.08408564321359692,1.0705540436390284,0.065027484375,1.864798315700856,2.2694658057291726,1.019608,1.039216,1.058824,0.03921599999999992,1.0035289708795876,1.231475519710721,1.227144960878747,1.1053922500000006,0.08901475096385011,1.294118,0.980392,0.31372600000000006,0.08052775018447077,1.1089705371420915,0.08279714843750005,0.31209984948270464,-1.3866525358879873,1.019608,1.078431,1.176471,0.15686299999999997,1.0032371198025776,1.1707319279649369,1.1669543569074872,1.0459560468750007,0.05190277658439556,1.196078,0.980392,0.21568599999999993,0.049622330440619665,1.0472430234723684,0.03601793798828144,1.7453725026786064,2.6848033294142146,1.014706,1.039216,1.058824,0.04411799999999988,1.001230430859129,1.1435260626615413,1.142120762031086
9.0,1.0256249999999998,0.04762729653255577,1.2,0.96,0.24,0.04643733970267474,1.0267302469490223,0.03437500000000002,1.7044123176811423,4.612976010124326,1.0,1.02,1.04,0.040000000000000036,1.0010776326133064,1.1700182815356492,1.1687587889475908,1.01736109375,0.04341430689470304,1.185185,0.962963,0.22222199999999992,0.042673449143487106,1.0182869915300616,0.03197334765624997,1.7461561099439722,3.639321139115168,1.0,1.0,1.037037,0.03703699999999999,1.0009100974921783,1.1649600198798638,1.1639007567200284,1.018145140625,0.05436072137894786,1.258065,0.967742,0.290323,0.053391917527178805,1.0195953194317537,0.03780236328124998,2.2066361594036206,6.2871165624829315,1.0,1.0,1.032258,0.0322579999999999,1.00142433406485,1.2356440646838647,1.2338865979702138,1.01171875,0.04261215669779576,1.15625,0.96875,0.1875,0.042118579593188085,1.012615734126228,0.03173828125,1.5952519397889902,2.9352640300217514,0.9921875,1.0,1.03125,0.0390625,1.0008865943487042,1.1428571428571428,1.1418447897194803,1.042856984375,0.03745748695708753,1.2,1.0,0.19999999999999996,0.03591814363647991,1.0435294692479269,0.029017981933593777,1.4700802688112193,3.8557817973989286,1.028571,1.028571,1.057143,0.028572000000000042,1.000644848606283,1.1506851063755192,1.1499435668691194,1.0067567499999999,0.036071174239706294,1.189189,0.972973,0.21621600000000007,0.035829086062453816,1.007402741351042,0.02322632812499993,2.7564821742245464,11.064521256103024,0.99324325,1.0,1.027027,0.03378374999999989,1.0006416558429254,1.1812078736993818,1.180450430783186,1.00609753125,0.028923094046955346,1.146341,0.95122,0.1951210000000001,0.028747803417249806,1.0065131831012417,0.019626374023437504,2.0295963443335676,7.669764770265455,1.0,1.0,1.02439,0.024389999999999912,1.0004131327613193,1.139393512451778,1.1389229860536199,1.0219495156249998,0.044205212528117155,1.190476,0.97619,0.2142860000000001,0.04325576934305048,1.0229051340670983,0.027727595214843765,2.397278267761028,5.816911366685656,1.0,1.0,1.02381,0.02381000000000011,1.0009350935907182,1.1649068587032243,1.1638185794088602,1.0190216718749996,0.029393024588143482,1.108696,0.978261,0.13043499999999986,0.028844356699559023,1.0194454951812573,0.02284297314453128,0.6992225808702554,0.46116317921133865,1.0,1.021739,1.043478,0.043477999999999906,1.0004159119653244,1.088000413141361,1.0875480888783309,1.00553390625,0.028346412662539178,1.145833,0.958333,0.1875000000000001,0.028190409578781103,1.0059333753928332,0.019195487304687477,2.244990839670174,8.387772425099595,0.99479175,1.0,1.020833,0.026041250000000127,1.0003972706841116,1.1395269646085096,1.139074443724997,1.0202206875000006,0.02706507610999537,1.117647,0.980392,0.13725500000000002,0.026528648596919727,1.0205796243056262,0.01922494531250018,1.1108700076572526,2.343888693093219,1.0,1.019608,1.039216,0.03921599999999992,1.00035182270858,1.0954953312491023,1.095110046666291,1.0114976875000001,0.02660345920932736,1.09434,0.981132,0.11320800000000009,0.026301057865075302,1.0118474765792274,0.021779273437500052,0.9015339256765592,0.40356674703684003,1.0,1.0,1.018868,0.018868000000000107,1.0003458130290854,1.081900644483678,1.0815266384807884,1.0287387499999998,0.03408932408164981,1.142857,0.982143,0.16071400000000002,0.033137007895979245,1.0293034041369462,0.02563471874999998,1.477065346247511,2.2469434420746746,1.0,1.017857,1.035714,0.035714000000000024,1.0005488800115154,1.110930253186244,1.110320820281622,1.0268641406250005,0.03192555194700399,1.192982,1.0,0.192982,0.03109033676799008,1.0273603088345589,0.02180993017578141,2.720885577543784,10.854646363329955,1.0,1.017544,1.035088,0.03508800000000001,1.000483187784955,1.1617719937847784,1.161210910856896,1.02356546875,0.03212377296293233,1.163934,0.983607,0.18032700000000002,0.03138418981851993,1.0240694339773946,0.02302131933593744,1.939814750365884,5.178844618040604,1.0,1.016393,1.032787,0.0327869999999999,1.0004923624748792,1.1371368373939197,1.136577229416353,1.0317539687499997,0.03695274438724438,1.177419,0.983871,0.19354799999999994,0.035815461346869075,1.0324154964688999,0.026130870117187406,1.9634004870641657,4.678484288430075,1.016129,1.016129,1.048387,0.0322579999999999,1.0006411680874867,1.1411819442056306,1.1404507235963095,1.17578128125,0.1749981503345527,2.0,0.916667,1.083333,0.1488356322091709,1.188732927935626,0.1274412539062499,1.324182824315292,6.184010695019706,1.0624997500000002,1.166667,1.25,0.1875002499999998,1.0110153536989948,1.700996632531651,1.682463699792715,1.0673077499999999,0.087534261836616,1.326923,0.980769,0.3461540000000001,0.08201407872904137,1.070891255079312,0.06400232031249994,1.670208601116764,1.9638036558562249,1.019231,1.038462,1.076923,0.05769200000000008,1.003357518091021,1.2432431039688414,1.2390828608472726,1.138822171875,0.11590766987342162,1.326923,0.980769,0.3461540000000001,0.1017785504497044,1.1447054324539467,0.10550625488281248,0.15783898706280847,-1.5393305171303429,1.019231,1.153846,1.25,0.230769,1.0051660924104246,1.1651713786141902,1.1591829324644918,1.026442421875,0.0234297658604423,1.076923,0.980769,0.09615400000000007,0.022826186214754456,1.0267097931513516,0.01975661279296875,0.29861276134017795,-0.5995077467581447,1.0,1.019231,1.038462,0.038461999999999996,1.0002604834627384,1.0491801362153246,1.0489069133104552,1.0027043125000001,0.025636329906181855,1.076923,0.961538,0.11538500000000007,0.02556718823943609,1.0030319833969188,0.020723974609375032,0.4649905190377675,0.016348844092112014,0.980769,1.0,1.019231,0.038461999999999996,1.0003267871623107,1.0740185182957414,1.0736676574886856,1.0217526093750002,0.024292622571354568,1.078431,0.960784,0.11764699999999995,0.023775444611992932,1.0220413525273897,0.019292030761718773,0.03940056389953281,-0.3485426163783414,1.0,1.019608,1.039216,0.03921599999999992,1.0002825959530126,1.0554717356285193,1.0551735478541697,1.0640319531250002,0.08034144832961955,1.254902,0.980392,0.2745099999999999,0.07550661245995609,1.0670607975137612,0.06814868261718758,1.0439229004166386,-0.4972913656127882,1.0,1.019608,1.1421569999999999,0.14215699999999987,1.0028465727743094,1.1793837547025026,1.1760360824087124,1.0481005468750004,0.06983605408851544,1.235294,0.960784,0.2745099999999999,0.06663106349551814,1.0504245954899991,0.051432251953125147,1.6085258885790317,1.4720411988484337,1.0,1.019608,1.058824,0.05882399999999999,1.0022173909000698,1.178602571750518,1.1759949312913445,1.1185663125000007,0.07967974978093453,1.254902,1.0,0.25490199999999996,0.07123381858590926,1.1214006679082191,0.07366337890624985,-0.19212133766985162,-1.5108187527005439,1.039216,1.156863,1.176471,0.13725500000000013,1.0025339180847344,1.1218843138546595,1.1190487360247472,1.0367649531250005,0.024139444178841955,1.117647,0.980392,0.13725500000000002,0.02328342996749767,1.0370459395771952,0.01891861962890609,0.19294152909576145,1.0359252541677746,1.019608,1.039216,1.058824,0.03921599999999992,1.0002710223289741,1.078013870580025,1.0777217839121631,1.0223653281250007,0.024230648483025738,1.078431,0.980392,0.09803899999999988,0.023700577295069566,1.0226524279920561,0.0194643266601564,0.4374576474551304,-0.2874387298020018,1.0,1.019608,1.039216,0.03921599999999992,1.0002808192523331,1.0548391757160063,1.0545430397280366,1.0324756406250006,0.024806689855867977,1.117647,1.0,0.11764700000000006,0.02402641658533605,1.032773605562037,0.019799368164062484,0.9659779094605813,1.0553262466123492,1.019608,1.019608,1.039216,0.019607999999999848,1.0002885927040912,1.0824923669128326,1.0821800576436835,1.0787378750000003,0.08006048187688714,1.254902,1.0,0.25490199999999996,0.07421680811651034,1.081704711886694,0.06905816796875011,1.012497733724568,-0.5857345230340352,1.019608,1.039216,1.156863,0.1372549999999999,1.0027502852689711,1.1633057752792815,1.1601151277331663,1.0416667968750004,0.05170344907715892,1.27451,0.980392,0.294118,0.04963530490965943,1.042949165759433,0.03354777050781266,2.5896164048697554,7.942203126425873,1.019608,1.019608,1.058824,0.03921599999999992,1.001231073975171,1.2235294470588187,1.222025043830352,1.1204044531250004,0.08573985637378805,1.254902,1.0,0.25490199999999996,0.0765258082781132,1.1236803199991214,0.07961845898437496,-0.16028343934979408,-1.6200451800299778,1.019608,1.156863,1.196078,0.1764699999999999,1.0029238252891481,1.120043745363438,1.1167784802006508,1.0456496875000003,0.06230071131788816,1.294118,0.960784,0.33333400000000013,0.05958086351734136,1.047504008393077,0.036199833984375186,2.6404495958448173,7.428348799271748,1.019608,1.039216,1.039216,0.019607999999999848,1.0017733672330644,1.2376209886257914,1.235430117336965
9.0,1.0387499999999996,0.05956876278721929,1.32,0.96,0.3600000000000001,0.05734658270731101,1.0404566305233487,0.041367187500000055,2.03163925333331,7.011042459613281,1.0,1.04,1.08,0.08000000000000007,1.0016429656061123,1.2707581227436828,1.2686737354309918,1.019097203125,0.048552467941000294,1.148148,0.962963,0.18518499999999993,0.04764262701547711,1.020253131120096,0.0366391416015625,1.4355423339716744,1.722188335095523,1.0,1.0,1.037037,0.03703699999999999,1.0011342666740242,1.1266324708568265,1.1253560170302963,1.025705625,0.06146507884576106,1.290323,0.967742,0.3225810000000001,0.05992467755625407,1.0275456121623778,0.03981849999999997,2.352863042942118,7.134759282470353,1.0,1.0161289999999998,1.032258,0.0322579999999999,1.0017938744972543,1.2579856915574583,1.2557330640385207,1.0126953125,0.03735271777129937,1.125,0.96875,0.15625,0.03688445804996197,1.0133839457403966,0.028778076171875,1.239458124188609,1.4166289907529173,1.0,1.0,1.03125,0.03125,1.0006800004225325,1.1108968177434908,1.1101419207682974,1.0348213281249996,0.027879503032052232,1.114286,1.0,0.11428600000000011,0.02694136878930328,1.0351968159880054,0.023493452148437444,0.3675646242554994,-0.3923358512449484,1.0,1.028571,1.057143,0.057142999999999944,1.000362852845028,1.0767907171173048,1.076400142263296,1.0190033593749996,0.03565096148877299,1.189189,0.972973,0.21621600000000007,0.03498610790708219,1.0196268128450772,0.025760109374999986,1.9511915512097289,7.144492612424327,1.0,1.0135135,1.027027,0.027026999999999912,1.0006118267072839,1.1670118543371466,1.166298281899621,1.0201981093749999,0.047731547990138685,1.219512,0.95122,0.268292,0.04678654817286447,1.0213140961750502,0.03084494238281247,2.3992494894420053,6.503709263018906,1.0,1.0,1.02439,0.024389999999999912,1.0010938922448445,1.1953678298297425,1.1940616550454222,1.0252977187499996,0.04012343908197112,1.166667,0.97619,0.1904769999999999,0.039133452019075934,1.0260825027441598,0.027529703124999798,1.92573203912004,3.744505826300178,1.0,1.02381,1.02976225,0.0297622500000001,1.000765420599118,1.1378812013961679,1.1370109098243661,1.0207200156249994,0.0275595989813963,1.108696,0.978261,0.13043499999999986,0.027000155340856345,1.0210920045684009,0.021526732421875052,0.7969748588736292,0.5501718334210377,1.0,1.021739,1.043478,0.043477999999999906,1.0003644377867653,1.086190123665922,1.0857944191509243,1.009765609375,0.030805943216983916,1.1875,0.979167,0.208333,0.030508013870715427,1.010235414155509,0.020060067382812533,3.240053508777738,16.594348080674653,1.0,1.0,1.020833,0.0208330000000001,1.0004652612211657,1.176015492085346,1.1754685921327284,1.0291055000000005,0.04465800549033733,1.176471,0.980392,0.196079,0.04339497310075333,1.0300740107315713,0.03114476562500012,2.0037381812932535,3.761592780089864,1.0,1.019608,1.039216,0.03921599999999992,1.000941118992728,1.143197660492534,1.1421227870456179,1.010908046875,0.029231007163001213,1.132075,0.981132,0.15094299999999994,0.028915594502746757,1.0113305745483967,0.02111592773437503,1.928934496187083,5.342812847526562,1.0,1.0,1.018868,0.018868000000000107,1.0004179684539092,1.1198595198639094,1.119391649466863,1.0332029843749997,0.03902954791624713,1.178571,0.982143,0.19642800000000005,0.03777529537417732,1.0339398979302195,0.026585078613281268,1.8946028300476483,4.595847567254718,1.0,1.035714,1.04017825,0.04017825000000008,1.0007132321202745,1.140696472835815,1.139883471330692,1.0320725156250006,0.029836600189088347,1.140351,1.0,0.1403509999999999,0.028909402912468754,1.0325037047000647,0.023471830078125082,1.3493362121251031,2.0354897817603916,1.017544,1.017544,1.052632,0.03508800000000001,1.0004177895143376,1.1049136400163009,1.1044522114632644,1.0266392656249999,0.036484639982224926,1.163934,0.983607,0.18032700000000002,0.03553793547922962,1.027287355454973,0.024782386230468658,1.985901116200161,4.4463412414095345,1.0,1.016393,1.032787,0.0327869999999999,1.0006312731761517,1.1337322066007456,1.1330169633836364,1.0413305781249995,0.04189232518828951,1.258065,1.0,0.258065,0.04022961206394232,1.0421728934528225,0.026745178222656124,2.962762800522832,11.753950756218035,1.016129,1.032258,1.048387,0.0322579999999999,1.0008088836969904,1.208132197812964,1.2071557492077014,1.1861979218750003,0.14785960648463384,1.666667,0.833333,0.8333339999999999,0.12465002994687008,1.1953777533024277,0.11234534228515627,0.5801454962625451,1.331731251371024,1.083333,1.166667,1.25,0.1666669999999999,1.0077388699289889,1.4050496711084532,1.3942596768222917,1.0423679218750004,0.05938805965435749,1.307692,0.980769,0.3269230000000001,0.05697418196401409,1.044058344243039,0.033503445312500206,3.2734317665314907,11.393153402293773,1.019231,1.019231,1.0432695,0.024038500000000074,1.001621713727527,1.2545397575625097,1.2525085472575772,1.0303486875000005,0.041885594592172656,1.192308,0.980769,0.21153899999999992,0.04065186387901584,1.0311996997998558,0.028226472656250105,2.168357727354076,5.7911540551591285,1.0,1.019231,1.038462,0.038461999999999996,1.000825945925083,1.1571888375895072,1.1562338509518704,1.0348558281250002,0.05532763503060506,1.326923,0.980769,0.3461540000000001,0.05346409956529909,1.0363337938146953,0.03549430126953132,2.9623279640516724,12.128223293161636,1.0,1.019231,1.057692,0.05769200000000008,1.0014281851148028,1.2822298178521936,1.2804011679631326,1.0417668750000002,0.08763698596616828,1.346154,0.961538,0.38461600000000007,0.08412341385510867,1.0454465376844961,0.061157238281250116,2.041814954771597,3.5249427050240953,0.99519225,1.0,1.038462,0.043269749999999996,1.0035321363855958,1.2921835319442267,1.287635427997614,1.08272075,0.09658657109751338,1.313725,0.980392,0.333333,0.08920727814398438,1.0870203255675297,0.07846964062500003,1.2735281012443276,0.3763230200219616,1.019608,1.039216,1.137255,0.11764699999999984,1.003971084480952,1.2133553365445338,1.2085560583369115,1.0882354062500001,0.08447881658341908,1.27451,1.0,0.27451000000000003,0.07762917480743295,1.0915094914234311,0.0753676015625,0.6266919771763392,-1.0493200404218603,1.019608,1.058824,1.161765,0.14215699999999987,1.003008618498008,1.1711712306732345,1.1676581926355207,1.0413605000000006,0.052809075611761534,1.254902,1.0,0.25490199999999996,0.050711617745978946,1.0426986570563996,0.03181495312500021,2.977187986166081,9.451407095713002,1.019608,1.019608,1.058824,0.03921599999999992,1.0012850084638307,1.2050601112679031,1.2035135861233992,1.0294119218750002,0.03982377084391018,1.215686,0.980392,0.235294,0.038685942913283956,1.030181943941268,0.02665453466796874,2.360840637256301,8.090771429281492,1.0,1.019608,1.039216,0.03921599999999992,1.0007480213215962,1.18095193397966,1.1800692170443514,1.0382966875000004,0.04643031157850808,1.235294,0.980392,0.25490199999999985,0.044717769147759184,1.0393342990139172,0.030828773437499995,2.241093536333909,6.0762639030251195,1.019608,1.019608,1.039216,0.019607999999999848,1.0009993400984598,1.1897312346958628,1.1885434755419908,1.0490197031250006,0.07128933749400213,1.235294,0.980392,0.25490199999999985,0.06795805386841941,1.051439255109299,0.05085778613281282,1.6511846096915541,1.465681012743004,1.0,1.019608,1.039216,0.03921599999999992,1.002306488597965,1.177569874350399,1.1748600729878482,1.0799633593750004,0.08094203864829896,1.294118,0.980392,0.31372600000000006,0.07494887483510734,1.0829923689542225,0.06715298535156272,1.052658472453167,-0.12245651461386275,1.019608,1.039216,1.1421569999999999,0.1225489999999998,1.002804733654089,1.1982980614721372,1.1949465546554574,1.1038604218750003,0.10408317373091652,1.529412,1.0,0.529412,0.09429015812898016,1.1087565729392335,0.08239495996093756,1.7859754536895238,4.255784437525691,1.039216,1.058824,1.176471,0.13725500000000013,1.0044354802176136,1.3855121260731174,1.3793938519305815,1.0603555625000005,0.06839106365095216,1.27451,0.980392,0.294118,0.06449823631773717,1.06255882496547,0.04651106640625027,1.969499245018878,2.994808629860418,1.019608,1.039216,1.058824,0.03921599999999992,1.0020778525085254,1.2019647418976023,1.1994724151309155,1.0254290937500001,0.021834382887660462,1.078431,1.0,0.07843099999999992,0.021292923148700606,1.0256615263258302,0.01855479882812498,0.494225426298702,-0.5968176775290277,1.0,1.019608,1.039216,0.03921599999999992,1.0002266685987815,1.0516875389756803,1.0514492084569096,1.0481006406250002,0.06465474240034695,1.27451,0.980392,0.294118,0.06168753256537677,1.050092942835724,0.04240385595703134,2.193859693802935,4.2945705033338,1.019608,1.019608,1.039216,0.019607999999999848,1.0019008691851727,1.2160187205304904,1.2137116135246553
9.0,1.0293749999999997,0.043152165357024694,1.16,0.96,0.19999999999999996,0.041920743516235294,1.0302790884027495,0.03445312500000007,0.5551250503476176,0.4167911761322687,1.0,1.04,1.04,0.040000000000000036,1.000878288672981,1.1268973891924714,1.1259085164956204,1.030671265625,0.06790089265895233,1.296296,0.962963,0.3333329999999999,0.06588026165430852,1.0329055082672964,0.04296870703125001,2.566446985438385,6.547428092289441,1.0,1.0,1.037037,0.03703699999999999,1.0021677548572594,1.2577201317569717,1.2549996002776111,1.0166330468749998,0.0459720426493883,1.258065,0.967742,0.290323,0.045219897966823415,1.0176719415920354,0.03087193359374992,2.7375786494240164,11.394701453583565,1.0,1.0,1.032258,0.0322579999999999,1.0010218974488672,1.2374819054595276,1.2362186168087685,1.01611328125,0.04487673938323615,1.15625,0.96875,0.1875,0.04416509478946066,1.0171037911984757,0.033843994140625,1.426863118916365,1.5827396476589488,1.0,1.0,1.03125,0.03125,1.0009748026787497,1.137914464199904,1.136806302371133,1.044196296875,0.04430006790157033,1.257143,1.0,0.2571429999999999,0.04242503831334068,1.045135590449176,0.03324509326171879,1.9838834147445346,7.02785781471314,1.0,1.028571,1.057143,0.057142999999999944,1.0008995373542187,1.2039335934845703,1.2028515835535827,1.0080236406249998,0.025586451541396375,1.108108,0.972973,0.13513500000000012,0.025382789163091588,1.0083483160899114,0.019821559570312428,1.0607066575851136,2.4412770046799057,1.0,1.0,1.027027,0.027026999999999912,1.000322091121504,1.099287710467728,1.0989337536625523,1.0064786718750005,0.03455807629739696,1.121951,0.95122,0.17073099999999997,0.03433562703620698,1.0070717837257883,0.02491411132812518,1.5044337898268718,2.8886900732476386,0.97561,1.0,1.02439,0.048779999999999935,1.0005892940082703,1.1147290363439917,1.114072520083128,1.0275299062499994,0.0443879798371413,1.261905,0.97619,0.28571500000000005,0.04319872304168405,1.0284882114016456,0.027785487304687197,2.982137261132847,12.314577961601529,1.0,1.02381,1.047619,0.04761900000000008,1.000932629936917,1.228095642106768,1.226951350546108,1.0197010312499994,0.029447973908959698,1.108696,0.978261,0.13043499999999986,0.028879027289852723,1.0201261570510072,0.020826180664062586,1.0628140435529638,1.5231131790541577,1.0,1.021739,1.021739,0.021738999999999953,1.000416912200713,1.0872755504041278,1.086822440868521,1.0159505468749999,0.031839443986061575,1.145833,0.979167,0.1666660000000001,0.03133956085165534,1.0164493415261546,0.02460725439453125,1.456653932233761,3.215682191425967,1.0,1.0,1.041667,0.0416669999999999,1.000490963514601,1.1278432828492593,1.1272898246749627,1.02665453125,0.03295040599046577,1.156863,0.980392,0.17647099999999993,0.03209493065826837,1.027183165648218,0.024126914062499942,1.4944051576877926,3.4171015251528942,1.0,1.019608,1.039216,0.03921599999999992,1.0005149097209696,1.1268279297335444,1.1262480136830764,1.0091391874999998,0.020558812625972457,1.075472,0.981132,0.09433999999999998,0.02037262340084525,1.0093485842486478,0.0167674609375,0.7831739421541792,0.7625571058735545,1.0,1.0,1.018868,0.018868000000000107,1.000207500363916,1.0657320747441494,1.0655109808278713,1.0228793281249997,0.02474932182281384,1.125,0.982143,0.142857,0.02419573955823397,1.0231786983885758,0.01743853515624993,1.5679310318002357,5.067254320750176,1.01339275,1.017857,1.035714,0.02232125000000007,1.0002926740773272,1.0998364802837435,1.0995146808390213,1.0241229687500009,0.018478468570684473,1.070175,1.0,0.0701750000000001,0.018043212714229498,1.0242896606536798,0.015625089843750113,0.42110822392217084,-0.38941018904256586,1.017544,1.017544,1.035088,0.017544000000000004,1.0001627655162175,1.0449672867958506,1.0447972298353938,1.02151625,0.025408981511219595,1.114754,0.983607,0.131147,0.02487379080971017,1.0218322099814139,0.018506734374999917,1.7272878437530892,4.1654188128348855,1.0,1.016393,1.032787,0.0327869999999999,1.0003093048998624,1.0912738784135838,1.0909364464252662,1.0236894687499996,0.02612710537208482,1.145161,0.983871,0.16129000000000004,0.02552249111636163,1.0240228288787225,0.018286883789062354,2.0903670228475915,6.985645959762114,1.01209675,1.016129,1.032258,0.02016124999999991,1.0003256457538143,1.1186605264175729,1.1182963579570981,1.21744784375,0.16178873024615495,2.083333,1.0,1.083333,0.1328917136588053,1.2281509864370044,0.11588534375000006,2.3300089801872375,11.47156342562197,1.083333,1.2083335,1.333333,0.25,1.0087914589047497,1.71122977521804,1.696316676863949,1.0558895781250006,0.06702527549570494,1.307692,0.980769,0.3269230000000001,0.06347754242893967,1.0580147393813877,0.04548508105468778,2.0398053222611754,3.6538222677825862,1.019231,1.038462,1.057692,0.03846100000000008,1.002012673768559,1.238474199472769,1.2359865617416603,1.0552885156250003,0.07151188687379012,1.288462,0.980769,0.307693,0.06776524695849345,1.0577087506370864,0.047550909667968835,2.0464752756100943,3.67948064013987,1.019231,1.038462,1.057692,0.03846100000000008,1.0022934344269374,1.2209570945978707,1.2181633169092387,1.0597957968750003,0.07602520141706703,1.346154,0.980769,0.36538500000000007,0.07173570761578892,1.0625191585681746,0.057241570312500115,1.6137757961964019,2.3808365062692944,1.019231,1.038462,1.0624997500000002,0.04326875000000019,1.0025697041837727,1.2702013010141944,1.2669456255396327,1.0417668750000002,0.07590636323838815,1.326923,0.961538,0.36538500000000007,0.07286309927870199,1.0445286007703878,0.05373905859375011,2.05016910977993,3.7335841225414406,1.0,1.019231,1.038462,0.038461999999999996,1.0026510017132073,1.273723547794702,1.2703558323068735,1.049326125,0.07633469717314417,1.333333,0.980392,0.35294100000000006,0.07274639919323858,1.0520989984787703,0.04886643750000007,2.4115655256855812,5.494215445628504,1.019608,1.019608,1.0441179999999999,0.02450999999999981,1.0026425278211482,1.2706564415328934,1.267307546084414,1.0560662656250004,0.0741693065204625,1.333333,0.980392,0.35294100000000006,0.07023167857423007,1.058667579281079,0.05503211523437514,1.834174722197396,3.0108907538380105,1.014706,1.019608,1.06372575,0.04901974999999981,1.002463210634362,1.2625467202201635,1.2594444432741023,1.0444241875,0.05729658639261234,1.254902,0.980392,0.2745099999999999,0.05485949777720208,1.045994637771763,0.03783703124999997,2.205144307961406,4.512131586618937,1.019608,1.019608,1.0441179999999999,0.02450999999999981,1.0015036517638702,1.2015252184113172,1.199721255429438,1.0502452187500002,0.06621042732466424,1.313725,0.980392,0.333333,0.06304282670619321,1.0523301954205013,0.04614733886718758,1.9671908914131457,3.8644689267410053,1.014706,1.039216,1.058824,0.04411799999999988,1.0019852284335868,1.2508745353428916,1.2483961837425446,1.0591300000000003,0.06910648459307202,1.254902,0.980392,0.2745099999999999,0.06524834967668935,1.0613821475382055,0.053749125000000134,1.3859831448224502,0.7915771020343523,1.019608,1.019608,1.078431,0.05882299999999985,1.0021264127521694,1.1848422762078306,1.1823281585342744,1.0735295468750006,0.08151119590793375,1.294118,0.980392,0.31372600000000006,0.07592822772806712,1.0766195999850574,0.06433812695312519,1.266690729384661,0.4911955278179039,1.019608,1.039216,1.078431,0.05882299999999985,1.0028784052745001,1.2054796291048748,1.2020197291763604,1.0539217812500004,0.06984212846338443,1.352941,0.960784,0.392157,0.0662687968935877,1.0562334230185435,0.042432616210937676,2.679103669569405,7.547940448845069,1.019608,1.039216,1.058824,0.03921599999999992,1.0021933712820712,1.283720503807549,1.2809109904262586,1.0670957187500005,0.08733218100904097,1.333333,1.0,0.3333330000000001,0.08184100027253617,1.07066343115583,0.06317006054687524,1.9135365843156575,2.485570296013969,1.019608,1.039216,1.058824,0.03921599999999992,1.0033433855493383,1.2494970943767545,1.2453334644675462,1.0594363750000002,0.08333093009473212,1.333333,1.0,0.3333330000000001,0.07865590804802422,1.0627085567471422,0.05612347265625009,2.2431274332607116,4.162047912807409,1.019608,1.019608,1.058824,0.03921599999999992,1.003088606191327,1.2585305087339482,1.2546553723828249,1.0511644062500003,0.07226175153364303,1.333333,0.980392,0.35294100000000006,0.06874448098127182,1.0536452769796985,0.049412221679687604,2.181502061662693,4.5999870291222,1.019608,1.019608,1.058824,0.03921599999999992,1.0023601167571385,1.2684343115808385,1.265447707241695,1.063112875,0.07877286282972469,1.294118,0.980392,0.31372600000000006,0.07409642445514046,1.0660272739987269,0.05865108984375003,1.5270727621786413,1.224294296654275,1.019608,1.029412,1.058824,0.03921599999999992,1.002741382469596,1.21729124952983,1.2139633117881612
9.0,1.030625,0.04676654119132612,1.2,0.96,0.24,0.045376874412445,1.0316855140981676,0.03650390625000005,0.8945227534691962,1.5392727628814686,1.0,1.04,1.04,0.040000000000000036,1.00102900094425,1.164342025469982,1.1631451480143753,1.0133101718750002,0.04211034599661743,1.185185,0.962963,0.22222199999999992,0.04155721235749331,1.014184788717173,0.029550028320312564,1.9252596547802199,4.865871243345441,1.0,1.0,1.037037,0.03703699999999999,1.0008631284540987,1.1696171941183295,1.1686085348402064,1.0126007812499997,0.041755574468592176,1.16129,0.935484,0.22580599999999995,0.04123596904304896,1.013461331372496,0.033329066406249955,0.822830456949327,1.4019600987925358,0.967742,1.0,1.032258,0.0645159999999999,1.0008498414562095,1.146838933470357,1.1458651297798452,1.00927734375,0.03345706545532402,1.09375,0.96875,0.125,0.03314952590832298,1.0098317344171441,0.0271148681640625,0.7040222913098075,-0.2176596651551983,1.0,1.0,1.03125,0.03125,1.0005492946716552,1.0836961780358008,1.0831012362978392,1.0374998437499998,0.042219965588798584,1.228571,1.0,0.22857100000000008,0.04069394886479817,1.0383585369589805,0.02896216503906247,2.4153925300274377,8.201339879065682,1.0,1.028571,1.057143,0.057142999999999944,1.0008276562296887,1.1841649976152109,1.18318572657773,1.0109797187500003,0.03469008824554067,1.189189,0.972973,0.21621600000000007,0.034313337450955335,1.0115747100171657,0.02370141210937507,2.5518934137278446,10.402287561879938,1.0,1.0,1.027027,0.027026999999999912,1.0005885293800958,1.1762738440196823,1.1755819794860434,1.0148627343749996,0.034118235993674535,1.170732,0.95122,0.21951200000000015,0.03361857208668338,1.0154360756100909,0.025068898925781243,1.6110925477049256,5.783359099091876,1.0,1.02439,1.02439,0.024389999999999912,1.0005649446133662,1.153586549535679,1.1529352050020527,1.0215775312499995,0.03463630120217477,1.166667,0.97619,0.1904769999999999,0.03390472102474091,1.0221645296701567,0.023274950195312585,1.9760272909225056,5.583521401030638,1.0,1.02381,1.02381,0.02381000000000011,1.0005745999713198,1.142024921566618,1.1413690909197103,1.0258151562499995,0.04225084201092134,1.173913,0.978261,0.19565199999999994,0.041187578243018726,1.0266848924781369,0.028659958007812257,2.0175817830022775,4.011892269137533,1.0,1.021739,1.021739,0.021738999999999953,1.0008478488769037,1.144370886750583,1.1434014551110172,1.0100911250000002,0.02577779083066225,1.104167,0.979167,0.12499999999999989,0.025520262670026175,1.0104199994575893,0.019459902343750064,1.4305414819228783,2.5930062979689072,1.0,1.0,1.020833,0.0208330000000001,1.0003255888993077,1.0931360277024509,1.0927802305899879,1.023897171875,0.03166777059100992,1.117647,0.980392,0.13725500000000002,0.03092866301507472,1.0243867757189316,0.023054611328124985,1.1843074711201083,1.608752947343822,1.0,1.019608,1.039216,0.03921599999999992,1.000478176771438,1.0915617609855506,1.0910400509764653,1.0103184374999998,0.0276919815254993,1.113208,0.962264,0.15094399999999997,0.02740916180251269,1.0106978732505822,0.021364693359375,1.257130578801043,2.177352139005393,1.0,1.0,1.018868,0.018868000000000107,1.000375560552494,1.1018387457667278,1.101425093949913,1.0237163906249998,0.02894123350678556,1.142857,0.982143,0.16071400000000002,0.028270753278763418,1.0241254041528174,0.021833050781249943,1.5910346640649604,3.977717607878695,1.0,1.017857,1.035714,0.035714000000000024,1.0003995379301955,1.116380484347098,1.1159346261363376,1.0268641875000006,0.030696846667183815,1.192982,1.0,0.192982,0.029893774698597907,1.0273229073496526,0.0188117460937502,3.387982134594278,14.957586801649448,1.017544,1.017544,1.035088,0.017544000000000004,1.0004467191038853,1.1617719407514144,1.1612531867684373,1.01921103125,0.029204126436263626,1.163934,0.983607,0.18032700000000002,0.028653660077095664,1.0196293479606173,0.020427820312499952,2.2982279641172076,8.79612367799318,1.0,1.016393,1.032787,0.0327869999999999,1.0004104318907383,1.1419950965135317,1.1415265776019585,1.0289817968749997,0.033757866898037475,1.193548,1.0,0.19354800000000005,0.032807059367385843,1.0295353961266263,0.021618215332031177,2.737394137270815,9.790162439557388,1.016129,1.016129,1.032258,0.016128999999999838,1.0005380068464844,1.1599311121195586,1.1593073968028986,1.1979166249999997,0.11363233001074949,1.333333,0.916667,0.4166660000000001,0.09485829617795773,1.2032940400729417,0.09602853515625011,-0.6011812995924855,-0.6174072657252911,1.1458335,1.25,1.25,0.10416650000000005,1.004488972738768,1.1130432387145477,1.1080691465231354,1.05949534375,0.07584266004866151,1.346154,0.980769,0.36538500000000007,0.07158375966072905,1.062206426506255,0.05034926660156254,2.2404184231330264,4.601907468815896,1.019231,1.038462,1.057692,0.03846100000000008,1.002558843483596,1.2705615064200229,1.2673186363856677,1.0646034375000002,0.08501367208460411,1.346154,0.980769,0.36538500000000007,0.07985477886887257,1.0679924173785715,0.0604622636718751,1.842220369570843,2.595687336574467,1.01442325,1.038462,1.057692,0.04326874999999997,1.0031833260716587,1.2644652013910107,1.2604527692286307,1.051382234375,0.07571575014625881,1.307692,0.980769,0.3269230000000001,0.07201543612848706,1.0541050600293969,0.055419807617187455,1.748784542751133,2.4929168342855306,1.0,1.019231,1.057692,0.05769200000000008,1.002589758096888,1.243783618597441,1.24057084021922,1.033954359375,0.06097835972892532,1.230769,0.980769,0.25,0.05897587178392017,1.0357509245111958,0.045344442871093765,1.6083467487473617,1.6384385111678696,1.0,1.019231,1.038462,0.038461999999999996,1.001737567156525,1.190351381412976,1.1882866535512286,1.0591300156250003,0.06997038542114892,1.294118,0.980392,0.31372600000000006,0.06606401894847526,1.0614387616974412,0.0525332104492189,1.4448204932556898,1.434451551941235,1.019608,1.039216,1.078431,0.05882299999999985,1.0021798514236975,1.221868874366979,1.2192111751510382,1.0566790468750005,0.0801823651201649,1.333333,0.980392,0.35294100000000006,0.07588147541800368,1.0597168583074077,0.05431404052734401,2.1459570058421247,3.7865263918772003,1.019608,1.039216,1.039216,0.019607999999999848,1.0028748667264589,1.2618145537598857,1.2581974039080734,1.0579045312500002,0.08570924970630517,1.352941,0.980392,0.3725489999999999,0.08101794365606198,1.0613708459932842,0.05939798046875007,2.0200201900614108,3.5025885735296054,1.014706,1.019608,1.058824,0.04411799999999988,1.003276585590562,1.278887612288975,1.274710912879701,1.052696171875,0.08068706357851667,1.313725,0.980392,0.333333,0.07664800702637842,1.0557838947953335,0.0536917470703125,2.173390104879813,3.8642203352458058,1.014706,1.019608,1.058824,0.04411799999999988,1.0029331567861919,1.247962170946315,1.2443124075639258,1.0640319374999996,0.08160265920297016,1.27451,1.0,0.27451000000000003,0.07669192655504309,1.0671564824377915,0.06263391015624979,1.5510393862127736,1.1139234625974384,1.019608,1.019608,1.078431,0.05882299999999985,1.0029365142414175,1.1978117903063417,1.1943046975533842,1.048407,0.06315436282534247,1.254902,0.980392,0.2745099999999999,0.060238402476655024,1.050307436512222,0.04593671875000008,1.719215984996867,1.8627544605374204,1.019608,1.019608,1.039216,0.019607999999999848,1.001812689644596,1.1969607223149024,1.1947949299180243,1.0704658281250006,0.08558928131298675,1.333333,0.980392,0.35294100000000006,0.07995517377972042,1.0738820299544154,0.064280685058594,1.6186126857375367,1.635656505787364,1.019608,1.039216,1.078431,0.05882299999999985,1.0031913226369855,1.2455633472536256,1.2416009978829778,1.0606619218750006,0.07033224636531075,1.313725,1.0,0.31372500000000003,0.06630976837650578,1.0629912216920512,0.04827268798828163,1.9627069424553107,3.1003628075743164,1.019608,1.039216,1.058824,0.03921599999999992,1.0021960813045243,1.2385897644723998,1.2358756809946512,1.0683212187500002,0.0867932266365492,1.431373,1.0,0.431373,0.08124263106755708,1.0718410752632448,0.0641945400390626,1.9941013724936758,4.182416564053511,1.019608,1.039216,1.078431,0.05882299999999985,1.0032947548466398,1.3398339140682727,1.3354339864689866,1.049938890625,0.06520984713243018,1.294118,0.980392,0.31372600000000006,0.06210823097867394,1.0519619756483078,0.04460592626953121,2.081792963950338,3.660864912070764,1.019608,1.019608,1.039216,0.019607999999999848,1.001926859783338,1.2325650678866147,1.230194655279679,1.05514721875,0.07327363486029372,1.294118,0.980392,0.31372600000000006,0.06944399185082316,1.0576883656358806,0.04997702636718747,1.970233226158916,3.1701987101663898,1.019608,1.039216,1.058824,0.03921599999999992,1.0024083339658434,1.226480984836506,1.223534305609931
9.0,1.0312499999999996,0.04608077147791691,1.2,0.96,0.24,0.0446843844634346,1.0322790320451154,0.035546875000000054,1.134695463238323,2.1761635341326695,1.0,1.04,1.04,0.040000000000000036,1.00099784925587,1.163636363636364,1.1624763874381925,1.0167823906250002,0.0462636864970847,1.222222,0.962963,0.2592589999999999,0.04550008627573412,1.017834347314626,0.032443543945312556,2.2275322136173044,7.188957412522673,1.0,1.0,1.037037,0.03703699999999999,1.0010345937334528,1.2020487483548168,1.2008064015766555,0.99949596875,0.028791613287318978,1.064516,0.967742,0.09677400000000003,0.02880613247827967,0.9999105702727554,0.020838541992187484,0.706473891668394,-0.13891395659163175,0.967742,1.0,1.0,0.03225800000000001,1.0004148106002608,1.0650528199041323,1.0646112078899432,1.01025390625,0.0442130515804294,1.1875,0.96875,0.21875,0.04376429658613795,1.0112209199890188,0.0323486328125,2.003845866327232,6.098729071996503,0.96875,1.0,1.03125,0.0625,1.0009571987131516,1.1754470758820685,1.1743230154029007,1.0361606093749995,0.04233073433711358,1.228571,0.971429,0.2571420000000001,0.04085344873575826,1.0370249271304386,0.02936674951171865,1.8887847191034202,6.673778459348639,1.0,1.028571,1.057143,0.057142999999999944,1.0008341542301635,1.1856955272031238,1.184707298598492,1.0118243125,0.02697416123978359,1.081081,0.972973,0.10810799999999998,0.026658937630324623,1.0121837998805792,0.022487308593749967,0.5628833257287211,-0.09197747845832271,1.0,1.0,1.027027,0.027026999999999912,1.0003552863635892,1.0684473447063965,1.0680678747551082,1.0045731718750002,0.026882793904486266,1.097561,0.97561,0.12195100000000003,0.026760413932128493,1.0049328048477222,0.019388210449218804,1.4800938857393868,3.118066433336911,0.97561,1.0,1.02439,0.048779999999999935,1.0003579957964144,1.0925645146897973,1.0921735211602668,1.0145090781249997,0.023666830796433697,1.119048,0.97619,0.14285800000000004,0.02332835783014813,1.0147850947259642,0.018101491699218764,1.7420844438250824,5.18180165009174,1.0,1.0,1.02381,0.02381000000000011,1.0002720691287206,1.1030438505963964,1.1027438280438986,1.0244564843749995,0.04183371722777579,1.173913,0.978261,0.19565199999999994,0.04083503581247544,1.0253102692722227,0.028447680175780997,2.0278001627330204,4.5849413433883415,1.0,1.021739,1.043478,0.043477999999999906,1.0008334027947943,1.1458885935171574,1.1449344019866856,1.0182291562499999,0.03324773433127565,1.125,0.979167,0.145833,0.03265250668496132,1.018771822576454,0.024495358398437507,1.5561518465924358,2.355795079023756,1.0,1.0,1.020833,0.0208330000000001,1.00053295107798,1.1048593463412721,1.1042708240152315,1.0156250937499998,0.02355495439042411,1.078431,0.980392,0.09803899999999988,0.02319256833587282,1.0158982069730371,0.018937775390625015,0.6813767855368063,0.16608068419883537,1.0,1.019608,1.02451,0.024510000000000032,1.000268911456322,1.0618396558301857,1.0615541917465185,1.0100236093750001,0.026884501496922668,1.132075,0.981132,0.15094299999999994,0.02661769610866693,1.0103813477670895,0.019881398925781297,1.9101588621984418,5.836234156802525,1.0,1.0,1.018868,0.018868000000000107,1.0003541881484441,1.1208401363018878,1.1204432885680733,1.0281807031249999,0.034407595809137693,1.214286,0.982143,0.232143,0.03346454149991437,1.0287562592412178,0.022626575683593723,2.9450710100870165,12.929249039496355,1.0,1.017857,1.035714,0.035714000000000024,1.0005597810914644,1.1810044638159043,1.1803437297145816,1.0252194375000006,0.0216817290303632,1.087719,0.982456,0.1052630000000001,0.021148378812670714,1.0254486785800456,0.017406867187500077,0.7828420796438385,0.7808623693622394,1.017544,1.017544,1.035088,0.017544000000000004,1.000223601964282,1.0609621318265334,1.060724951643783,1.0184425781249997,0.03207472108209044,1.213115,0.983607,0.22950799999999993,0.03149389250903227,1.018947531853525,0.02061991503906237,3.5894039699905336,20.24477785624836,1.0,1.016393,1.032787,0.0327869999999999,1.0004958097190466,1.1911471751636713,1.190556885488768,1.0226814062499996,0.02685592774924114,1.193548,0.983871,0.209677,0.026260307056639762,1.0230339679330056,0.01565647070312482,4.192575460734188,25.194446075186097,1.016129,1.016129,1.032258,0.016128999999999838,1.00034474243968,1.1670770512749806,1.1666748489412433,1.2122395625,0.11017040566094008,1.416667,1.0,0.4166669999999999,0.09088171106520876,1.2172355052222585,0.09362785742187506,-0.06223952620414104,-0.7325165069627948,1.166667,1.25,1.333333,0.1666660000000002,1.0041212503508428,1.1686361704599126,1.163839695705661,1.0706131249999997,0.0861404965972197,1.423077,0.980769,0.4423079999999999,0.08045903285299227,1.0740729251667605,0.06044352734374986,2.1511452843583827,4.645032907979236,1.019231,1.038462,1.076923,0.05769200000000008,1.0032316063440383,1.3292168447869535,1.3249351758671817,1.04417075,0.06040111579293258,1.211538,0.980769,0.230769,0.05784601397130937,1.0459162729131783,0.04528799218749997,1.5065464790552068,1.3067035647710865,1.0,1.019231,1.057692,0.05769200000000008,1.001671683403484,1.1602872422925083,1.158350846407158,1.0528846562500005,0.061474529403754564,1.269231,1.0,0.269231,0.058386765386728025,1.0546777788178219,0.04597340429687509,1.567382357569406,2.017389298136468,1.0,1.038462,1.057692,0.05769200000000008,1.0017030569846157,1.2054796244448542,1.203430114383057,1.0432692343750003,0.07870531753730617,1.307692,0.980769,0.3269230000000001,0.07544104143400414,1.0462338277851884,0.0581429692382814,1.8088875085940002,2.5011650149019777,1.0,1.019231,1.057692,0.05769200000000008,1.0028416379133083,1.2534559219350598,1.2499041469231618,1.0600491406250003,0.07489529731145236,1.313725,1.0,0.31372500000000003,0.07065266546727676,1.0626916232375092,0.05522353222656265,1.651382616806177,1.80464181940724,1.019608,1.029412,1.058824,0.03921599999999992,1.0024927925614382,1.2393057544723196,1.236224104221047,1.0551472343750008,0.07094092111238189,1.352941,1.0,0.35294099999999995,0.06723319627938236,1.0575293378897273,0.04836859619140653,2.150267202021558,4.779496699844445,1.019608,1.039216,1.058824,0.03921599999999992,1.0022576029554182,1.2822295845767842,1.279341339787092,1.0628065468750003,0.07836849217457582,1.313725,0.980392,0.333333,0.07373730657287056,1.0656919708086752,0.055855479492187665,1.9282996377528971,2.9565034863438715,1.019608,1.039216,1.058824,0.03921599999999992,1.002714909822638,1.23609042855709,1.2327436407380556,1.044117734375,0.062295340980044946,1.215686,0.980392,0.235294,0.05966313848441086,1.045974451286552,0.044730384765625006,1.828617695619866,2.4581031887287335,1.0,1.019608,1.058824,0.05882399999999999,1.0017782639355928,1.164318888547276,1.1622520975581212,1.066483,0.12999976864943355,1.960784,1.0,0.9607840000000001,0.12189577203709158,1.074376995815671,0.06636787500000002,5.375799690218927,35.05493736833106,1.019608,1.019608,1.058824,0.03921599999999992,1.0074018955910886,1.8385515755994235,1.8250427993493714,1.0640319687500002,0.08255411066384899,1.333333,1.0,0.3333330000000001,0.07758611873366138,1.0672296902305054,0.0609584541015626,1.828071996811523,2.447476605523769,1.019608,1.019608,1.078431,0.05882299999999985,1.0030052870349957,1.2530948685370502,1.2493402425039548,1.0762869375000004,0.09404333592300597,1.392157,0.980392,0.41176500000000005,0.08737756879355041,1.0803877641220567,0.07031240625000013,1.829578997639644,2.7264962599703306,1.019608,1.039216,1.06372575,0.044117749999999845,1.0038101611003305,1.2934812748296498,1.2885716094084914,1.0677085312500005,0.07433617345082753,1.411765,1.0,0.41176499999999994,0.06962215930203329,1.0702931254508479,0.05282043847656273,2.307342163587127,6.414426435249266,1.019608,1.039216,1.058824,0.03921599999999992,1.00242069265647,1.322238193926578,1.3190451909193672,1.064644765625,0.07567764094804154,1.352941,0.980392,0.3725489999999999,0.0710825276106204,1.0673310556299636,0.053031047363281215,2.0948409038261957,4.132615907443024,1.019608,1.039216,1.058824,0.03921599999999992,1.0025231796479894,1.2707910128180224,1.2675926488445168,1.0526962343750006,0.06209008231310531,1.254902,0.980392,0.2745099999999999,0.05898195536908042,1.054525741833244,0.04220280761718767,1.9209453582143088,3.0011924106143386,1.019608,1.039216,1.058824,0.03921599999999992,1.0017379253373409,1.1920836790539595,1.1900155209283094,1.0563726718750002,0.08132670108178164,1.333333,0.980392,0.35294100000000006,0.07698675216335488,1.0594985862157498,0.056602319824218816,2.035273718295209,3.689850776707856,1.0,1.029412,1.058824,0.05882399999999999,1.0029591018624149,1.2621805121419996,1.2584566108410913
9.0,1.0375,0.055621488653217484,1.24,0.96,0.28,0.053611073400691545,1.0389898940798221,0.03781250000000001,1.6499217541454474,3.3061906988737544,1.0,1.04,1.04,0.040000000000000036,1.0014360424865754,1.195180722891566,1.1934668537832138,1.013310171875,0.03425120824171511,1.148148,0.962963,0.18518499999999993,0.033801307035473314,1.0138888744292245,0.025155501464843726,1.7606888616788217,5.790101878869602,1.0,1.0,1.037037,0.03703699999999999,1.00057110110042,1.1330666876416526,1.132419961355585,1.0110886875,0.05356028735011922,1.225806,0.935484,0.29032199999999997,0.052972887554059614,1.01250631522549,0.03673127734374999,2.179582443604304,6.532153344119261,0.967742,1.0,1.032258,0.0645159999999999,1.0014020804930528,1.2123624911983797,1.2106650413602675,1.0068359375,0.03336072432136469,1.125,0.96875,0.15625,0.03313422085846503,1.0073884766904722,0.024261474609375,1.4398157190281777,3.197023179727781,1.0,1.0,1.03125,0.03125,1.0005487877119723,1.1173617846750727,1.1167489265868036,1.0401784062499995,0.034522611754254084,1.171429,0.971429,0.20000000000000007,0.03318912558347882,1.0407511362237976,0.02558611425781239,1.3954928832551214,3.231270848867287,1.028571,1.028571,1.057143,0.028572000000000042,1.0005506074442199,1.126180848363483,1.1255611060395732,1.0130912031250001,0.03543017930829755,1.108108,0.945946,0.16216200000000014,0.03497234918140534,1.0137105521079866,0.028161922851562535,0.9511769922033569,0.4676195202154356,1.0,1.0,1.027027,0.027026999999999912,1.0006113457318315,1.0937889862056933,1.0931207115243264,1.0137194218749999,0.026534740872112307,1.073171,0.95122,0.12195100000000014,0.02617562641054367,1.01406664414117,0.022198760742187483,0.28313298339767773,-0.21936295488282154,1.0,1.0,1.02439,0.024389999999999912,1.0003425230479732,1.0586469755260655,1.058284488697374,1.0186013281249997,0.025763959730633598,1.095238,0.97619,0.11904799999999993,0.025293467639649417,1.018927105969321,0.020577766113281323,0.6800783513277384,0.349459120633818,1.0,1.02381,1.02381,0.02381000000000011,1.0003198286074504,1.075237160760501,1.0748933791079032,1.0207200312499998,0.030364217694294742,1.130435,0.978261,0.15217400000000003,0.029747841489022164,1.0211715663448464,0.022885433593749994,1.142613975455533,2.1494294546445607,1.0,1.021739,1.043478,0.043477999999999906,1.0004423691913773,1.1074878178060643,1.1069981159446578,1.0048828125,0.02435750226244152,1.104167,0.958333,0.1458339999999999,0.024239147052225574,1.005177971691767,0.01847317187500002,1.0880724432004003,3.2268962769791942,0.979167,1.0,1.020833,0.04166600000000009,1.0002937249877255,1.0988017570456754,1.0984791062836656,1.0235907812499998,0.034865940760857826,1.196078,0.980392,0.21568599999999993,0.034062382545376045,1.0241844176148773,0.021905671874999855,2.6218069581978485,9.736985967407911,1.0,1.019608,1.02451,0.024510000000000032,1.0005799547785617,1.1685118915777655,1.1678346003207398,1.0109080624999998,0.025793987860470415,1.09434,0.962264,0.13207600000000008,0.025515661430853827,1.0112370842869882,0.01959581835937501,1.2225298443488972,2.231242303106465,1.0,1.0,1.018868,0.018868000000000107,1.0003254715232706,1.0825316768111148,1.0821794582143978,1.0242744531249999,0.03883766787456865,1.214286,0.982143,0.232143,0.03791724742921905,1.0250104973952476,0.0235333559570312,3.275319150609806,13.40202852310735,1.0,1.017857,1.035714,0.035714000000000024,1.0007186006328697,1.1855084311585495,1.1846571357910367,1.0276865312500008,0.0320512532979254,1.210526,0.982456,0.22807,0.031187772071840487,1.0281862133634279,0.021047551757812626,3.154897959142511,15.761617189883527,1.013158,1.017544,1.035088,0.021930000000000005,1.0004862203582832,1.1779136567330575,1.1773412094683684,1.0256147031249998,0.03378038758967604,1.163934,0.983607,0.18032700000000002,0.032936723202922874,1.0261708599701567,0.024782366210937413,1.565657379412112,3.7576732657266065,1.0,1.016393,1.032787,0.0327869999999999,1.0005422668410098,1.134864775683839,1.1342497096768562,1.0292338124999996,0.03211592835284143,1.193548,1.0,0.19354800000000005,0.031203724520895922,1.0297347588807761,0.020192751953124886,3.0022742287324085,11.838284231395871,1.016129,1.016129,1.032258,0.016128999999999838,1.000486717764897,1.1596470942796593,1.1590829480178695,1.2018229531249993,0.18269577807950563,1.833333,0.833333,1.0,0.15201555071356987,1.2156299428634403,0.13041170458984375,0.6270151027438998,2.3088894243855993,1.1458335,1.25,1.25,0.10416650000000005,1.0114883724782755,1.5254601314053273,1.5081341248320588,1.0582933906249998,0.07065572796791167,1.307692,0.980769,0.3269230000000001,0.06676383750840992,1.0606493918987718,0.04785150976562488,1.9336564097774007,3.105343196617156,1.019231,1.038462,1.057692,0.03846100000000008,1.0022262269561946,1.2356611234505699,1.2329163717889595,1.0640025312500005,0.07662609561247086,1.288462,0.980769,0.307693,0.07201683582693151,1.066758147395753,0.060152451171875246,1.4318680448450507,1.0803300465299888,1.019231,1.038462,1.0865385,0.06730750000000008,1.0025898586373805,1.2109576454543791,1.2078295376936998,1.0492789218750003,0.06924364916372854,1.307692,0.961538,0.3461540000000001,0.06599165171448805,1.0515611912012883,0.048527517578125116,2.0726914995146286,4.181062760969034,1.01442325,1.019231,1.057692,0.04326874999999997,1.0021750835537702,1.2462768218608935,1.2435719489667658,1.0438702187500002,0.09010216103288474,1.326923,0.980769,0.3461540000000001,0.08631548195788082,1.0477516084530574,0.06407748046875011,1.9101624589554167,2.524696341873442,0.99519225,1.019231,1.038462,0.043269749999999996,1.0037182684526675,1.2711570616402355,1.266448067743005,1.0603555,0.07620178080022146,1.313725,1.0,0.31372500000000003,0.07186437077020061,1.0630900703973183,0.05433314062500004,1.9009270012879438,3.0933121813708473,1.019608,1.039216,1.078431,0.05882299999999985,1.002578918482828,1.238947692542737,1.2357607662622694,1.05729178125,0.0874353732145686,1.333333,0.980392,0.35294100000000006,0.0826974868859727,1.0609009638924687,0.06255740820312504,1.939249943974128,2.6681028032472662,1.0,1.019608,1.039216,0.03921599999999992,1.0034136107992835,1.2610832919023034,1.256793089439727,1.0594363906250004,0.07170677927757621,1.313725,1.0,0.31372500000000003,0.06768389297565448,1.0618603147188856,0.05240872314453147,1.8570285796435702,2.7865289875714527,1.019608,1.039216,1.058824,0.03921599999999992,1.0022879373554983,1.2400225361571595,1.2371919185507865,1.0502451718749999,0.08091010081383432,1.313725,0.980392,0.333333,0.07703925043462541,1.05335718797588,0.05541509619140621,2.248772544734112,4.342875030919424,1.0,1.019608,1.058824,0.05882399999999999,1.0029631329752502,1.250874591172469,1.2471790338512239,1.0582109531250004,0.08318676941441576,1.392157,1.0,0.3921570000000001,0.07861076203072469,1.0614756049572351,0.05551090283203136,2.347104051934843,5.48403345842197,1.019608,1.029412,1.058824,0.03921599999999992,1.0030850671339149,1.315576063438792,1.3115299056317808,1.0530026093750005,0.06601101529352343,1.235294,1.0,0.2352939999999999,0.06268836820138901,1.0550696420097778,0.04959408789062515,1.56968267873694,1.4101780638705996,1.0,1.019608,1.058824,0.05882399999999999,1.0019629890907908,1.1731158014254084,1.1708174994466876,1.0603555312500004,0.07753032103936998,1.352941,1.0,0.35294099999999995,0.07311728826271444,1.0631861564810452,0.050235377929687686,2.34951171634017,5.179564107320167,1.019608,1.039216,1.058824,0.03921599999999992,1.0026695057908623,1.2759314778177138,1.272534439761698,1.063419265625,0.07592034758223627,1.333333,1.0,0.3333330000000001,0.07139267646953514,1.066125899544431,0.056812852539062556,1.7978407883158634,2.2996322363897628,1.019608,1.029412,1.058824,0.03921599999999992,1.0025452180592573,1.253816855778294,1.2506337202480027,1.0640320468750006,0.08115971752323271,1.333333,0.980392,0.35294100000000006,0.07627563263869168,1.0671228122973726,0.05642032763671917,1.982203205776418,3.0767349473014924,1.019608,1.039216,1.058824,0.03921599999999992,1.002904767230883,1.253094776530388,1.2494653704661347,1.0600492031250004,0.07811476542465814,1.372549,0.980392,0.392157,0.07368975439477492,1.0629234354473973,0.053461955078125255,2.110664545930045,4.311687653273303,1.019608,1.039216,1.058824,0.03921599999999992,1.0027114140682563,1.2947974452070314,1.291296206506424,1.0542280468750003,0.0804535336575229,1.352941,0.980392,0.3725489999999999,0.07631511407423433,1.0572935003563861,0.05697569384765634,2.033335390323825,3.467919354447684,1.014706,1.019608,1.058824,0.04411799999999988,1.0029077707527063,1.2833475679294064,1.2796267068169422
9.0,1.0306249999999995,0.038563057127255905,1.16,0.96,0.19999999999999996,0.037417156703219816,1.031346207633499,0.030175781250000148,0.493778831580127,1.0255024564618225,1.0,1.04,1.04,0.040000000000000036,1.0006997769639776,1.1255306246209829,1.124743554990818,1.0185185,0.04036013504297898,1.148148,0.962963,0.18518499999999993,0.03962631512631236,1.0193178480449254,0.03182867187500001,1.1871604064927939,1.866556263742397,1.0,1.0,1.037037,0.03703699999999999,1.0007848144583777,1.1272726023140471,1.126388596257952,1.0105846562499998,0.03563682726312535,1.16129,0.967742,0.19354799999999994,0.03526357444943184,1.0112128019884403,0.02597336035156242,1.6598413862809338,4.282668917497717,1.0,1.0,1.032258,0.0322579999999999,1.0006215666689136,1.149126886914379,1.1484130716269108,1.005859375,0.028638434176982773,1.09375,0.96875,0.125,0.02847160834682559,1.0062669835523275,0.0211181640625,0.9843589874109558,1.3867982435944484,1.0,1.0,1.03125,0.03125,1.000405234133576,1.087378640776699,1.0869381763265646,1.0428569531249996,0.044320348640759025,1.314286,1.0,0.31428600000000007,0.04249897218209051,1.043798312886545,0.02723231494140618,3.8456512519533885,21.433903513973483,1.028571,1.028571,1.057143,0.028572000000000042,1.0009026739081754,1.2602744758632936,1.259137884947756,1.0080236406249998,0.03467723387512655,1.216216,0.972973,0.243243,0.034401210921626596,1.0086199336757677,0.021418369628906163,3.556926508997355,19.557705193196835,1.0,1.0,1.027027,0.027026999999999912,1.000591546692693,1.2065351951923624,1.2058218952382576,1.0080030312500003,0.02694485377463616,1.073171,0.97561,0.09756100000000012,0.02673092534376855,1.008363097378184,0.021686696289062595,0.8053146902658871,0.17677214402573105,1.0,1.0,1.02439,0.024389999999999912,1.0003572073863083,1.064650568232108,1.064270402983133,1.0290180156249997,0.038453779371917796,1.166667,0.97619,0.1904769999999999,0.037369393721024345,1.029736262170463,0.02873883398437487,1.2982731569506345,1.9911057892534076,1.0,1.02381,1.047619,0.04761900000000008,1.0006979921969852,1.1337673221312803,1.1329765133655838,1.0169835937499996,0.02444693784934957,1.065217,0.978261,0.08695600000000003,0.024038674762888304,1.017277387307353,0.019764657226562538,0.3126415707233239,-0.4728097686206447,1.0,1.021739,1.021739,0.021738999999999953,1.0002888872142668,1.0474279098959167,1.047125408753594,1.011718734375,0.0292026050455275,1.145833,0.979167,0.1666660000000001,0.02886435137881253,1.0121401037538216,0.02042630957031253,2.2219040042643305,7.213307785093323,1.0,1.0,1.020833,0.0208330000000001,1.0004164886588582,1.1325608205800899,1.1320893182182377,1.0196079531250002,0.02684923424968908,1.117647,0.980392,0.13725500000000002,0.026332899981212157,1.0199614009635596,0.019607961914062468,1.0470978801474236,1.702355291897904,1.0,1.019608,1.039216,0.03921599999999992,1.0003466507273469,1.0961536702165962,1.0957738194250848,1.00884434375,0.03465756898446696,1.188679,0.981132,0.20754700000000004,0.03435373276281697,1.0094394766424986,0.020139336914062556,3.4902765681307586,14.64899733372808,1.0,1.0,1.018868,0.018868000000000107,1.0005899154772344,1.1782580805097564,1.1775634176242749,1.0234374375,0.033980650526657726,1.160714,0.982143,0.17857100000000004,0.03320246971780112,1.0240014028734437,0.025564966796874984,1.6832084894099157,3.77206227404782,1.0,1.017857,1.035714,0.035714000000000024,1.0005510501695358,1.134132832618799,1.133508212726006,1.0279606562500005,0.026264327526382362,1.122807,1.0,0.12280700000000011,0.025549934588153016,1.0282961274352553,0.01970261132812518,1.7603993214492275,3.7563140316244796,1.017544,1.017544,1.035088,0.017544000000000004,1.0003263463277656,1.0922665115375125,1.0919101706630665,1.0263830937499998,0.027280678748726372,1.131148,0.983607,0.14754100000000003,0.026579431125520112,1.0267455822007772,0.02097219921874993,1.4810547157897525,3.244112087852492,1.0,1.016393,1.032787,0.0327869999999999,1.0003531707147015,1.102071932875697,1.101682850755921,1.0259576093749996,0.02068217782945709,1.080645,1.0,0.08064500000000008,0.020158900953087536,1.026166053187414,0.016711786132812375,1.0028685992580482,0.5787744955675036,1.016129,1.016129,1.032258,0.016128999999999838,1.0002031700047933,1.0533037526358573,1.0530897963768797,1.244791671875,0.21034181230967958,2.25,0.916667,1.333333,0.16897752215263998,1.2624381111068683,0.12597645214843747,2.430507453470423,10.57140124521673,1.166667,1.25,1.333333,0.1666660000000002,1.0141762189051986,1.8075313731902451,1.7822655860945664,1.0615987031250003,0.07640898018592115,1.365385,1.0,0.36538500000000007,0.07197538953372687,1.064344934093142,0.05201128271484387,2.258523926225424,4.986356469402165,1.019231,1.038462,1.076923,0.05769200000000008,1.00258688236907,1.2861592577126857,1.2828406997242436,1.0805290156249998,0.11617691353579196,1.75,0.980769,0.769231,0.10751855050240634,1.0867566557634853,0.07572114843749989,3.440722523060037,16.38314703982849,1.019231,1.038462,1.0817307500000002,0.06249975000000019,1.0057635103254339,1.6195770541041554,1.610296095928267,1.4188702343750004,2.7470260220713962,23.211538,0.980769,22.230769000000002,1.9360657201195264,3.0918189966317184,0.6810208676757816,7.987354016526519,63.86252691351809,1.01442325,1.038462,1.10576925,0.09134599999999993,2.179071011376623,16.359169032976773,7.507405195869181,1.063101,0.2504957301657056,3.0,0.980769,2.019231,0.23562740526601478,1.0922141946670765,0.08441628125000006,7.400265379846239,57.33993576210775,1.0,1.019231,1.038462,0.038461999999999996,1.0273851634671367,2.8219331935535754,2.746713982154797,1.0548408437500003,0.06985759048083526,1.352941,0.980392,0.3725489999999999,0.06622571631990358,1.0571514974642946,0.04685585742187505,2.26209422689205,5.365966167980235,1.019608,1.029412,1.058824,0.03921599999999992,1.0021905235543211,1.2826020228703336,1.2797985939055965,1.0582108906250005,0.07295263545618941,1.313725,0.980392,0.333333,0.06893959994411145,1.0607225726161198,0.055568293945312666,1.5314978682149432,1.6433473475118072,1.014706,1.029412,1.06372575,0.04901974999999981,1.0023735174277368,1.241458589812932,1.238518943515915,1.0502452656250003,0.06150690335549798,1.27451,0.980392,0.294118,0.058564323371546226,1.0520447790508298,0.0426624111328126,1.9161340432981717,3.36016894182999,1.019608,1.039216,1.058824,0.03921599999999992,1.0017134220783739,1.213535582320897,1.2114598402834922,1.05085796875,0.06781010363023178,1.254902,1.0,0.25490199999999996,0.06452832413774451,1.0530435321674594,0.047851514648437475,1.8985597441971969,2.4435165297390373,1.019608,1.019608,1.039216,0.019607999999999848,1.0020797895457358,1.1941689907844648,1.1916905252882177,1.0600491875000009,0.07585179437970534,1.333333,1.0,0.3333330000000001,0.07155497619746562,1.0627595093105644,0.053385355468750485,1.9450481717462282,3.3419420109899525,1.019608,1.039216,1.058824,0.03921599999999992,1.002556788725017,1.2578029545445022,1.2545952196324854,1.059436390625,0.07593833063797086,1.294118,0.980392,0.31372600000000006,0.07167804628003394,1.0621544595022936,0.0542469731445312,1.836919403496642,2.4286853804577007,1.019608,1.019608,1.058824,0.03921599999999992,1.0025655800587425,1.2215155260397965,1.2183896498503621,1.0612746562500004,0.071078343750316,1.313725,0.980392,0.333333,0.0669745040378806,1.0636522114623954,0.05277256738281269,1.7188435908002266,2.267466450743396,1.019608,1.039216,1.058824,0.03921599999999992,1.0022402826623562,1.2378746559745708,1.2351076656849933,1.0646447343750005,0.07511989766746272,1.333333,1.0,0.3333330000000001,0.07055865232974813,1.067291623436624,0.05364374951171905,1.9319601058607991,2.9748588207291835,1.019608,1.039216,1.058824,0.03921599999999992,1.0024861711857125,1.2523736387826432,1.249267745311011,1.0670957968750006,0.07584611887981224,1.313725,1.0,0.31372500000000003,0.07107714143559395,1.069787863764318,0.052916163574219126,1.893999137543001,2.5247191113968377,1.019608,1.039216,1.058824,0.03921599999999992,1.0025227977630509,1.231121895379267,1.228023839583792,1.047794234375,0.06639169081616646,1.215686,0.980392,0.235294,0.0633632908428519,1.049895525373321,0.04936428173828125,1.6404904920977543,1.3947275619514388,1.0,1.019608,1.058824,0.05882399999999999,1.002005442413581,1.1602335268862651,1.157911402249026,1.0554535781250003,0.0728361347042122,1.294118,0.980392,0.31372600000000006,0.06900932093442201,1.0579637791982843,0.050513169921875115,1.9352428932432266,2.757524477561642,1.019608,1.019608,1.058824,0.03921599999999992,1.0023783149968029,1.2261249824923461,1.2232157900345808
9.0,1.0287499999999996,0.05452923527796812,1.24,0.96,0.28,0.05300533198344413,1.0301941564578982,0.041601562500000036,1.2492716673156243,2.6793234097834366,1.0,1.04,1.04,0.040000000000000036,1.0014037972859282,1.205346294046173,1.2036566041720467,1.0052083281250002,0.03130885525297449,1.074074,0.962963,0.11111099999999996,0.031146633366413132,1.0056957926476127,0.023690659179687563,0.5173071336715863,-0.14790893000166205,1.0,1.0,1.037037,0.03703699999999999,1.0004849388022101,1.0685088552772477,1.0679909450275948,1.010080625,0.03820011578005196,1.16129,0.967742,0.19354799999999994,0.03781887785448014,1.0108027096550543,0.03043088671874999,1.1554434479469589,2.434232151590513,0.967742,1.0,1.032258,0.0645159999999999,1.00071487823564,1.1497003023892274,1.148878993801175,1.00146484375,0.03145910872625901,1.09375,0.96875,0.125,0.031413093452646736,1.0019588358755376,0.0236358642578125,0.8450200667634437,0.11399243816065718,0.96875,1.0,1.03125,0.0625,1.0004932695627016,1.0921501706484642,1.0916117118167363,1.033481953125,0.0305371242570159,1.114286,0.971429,0.14285700000000012,0.02954780600152621,1.033933007207408,0.02387005908203126,0.5895365352602144,-0.25635721613092244,1.0,1.028571,1.057143,0.057142999999999944,1.000436441179301,1.0781862195374272,1.0777158599565564,1.013091203125,0.030589571946671886,1.108108,0.972973,0.13513500000000012,0.030194292332531094,1.013552913153103,0.02483633496093747,0.8674555635999105,0.6229073810135617,1.0,1.0,1.027027,0.027026999999999912,1.000455743793529,1.0937889862056938,1.0932907257429134,1.0072408906250003,0.04347677488474353,1.219512,0.95122,0.268292,0.043164227434974244,1.0081787746731343,0.02878463427734385,2.7580860383907733,10.320178550157696,0.97561,1.0,1.02439,0.048779999999999935,1.0009311417525475,1.2107451269609237,1.2096188003912132,1.0234376406249996,0.03533848047736314,1.166667,0.97619,0.1904769999999999,0.034529197554022346,1.024047563568468,0.023519094238281375,1.6132250253072988,4.10807496433793,1.0,1.02381,1.02976225,0.0297622500000001,1.000595955160586,1.139949278480252,1.139270324451093,1.0180027031249999,0.03834406412612959,1.173913,0.978261,0.19565199999999994,0.03766597476453002,1.018724580455147,0.026154828124999967,1.8955295961675391,4.445691867595063,1.0,1.0108695,1.021739,0.021738999999999953,1.0007091114079867,1.1531531266040813,1.152335992006316,1.0065104531249998,0.029891144786086798,1.125,0.979167,0.145833,0.02969779865999522,1.0069542059033845,0.020222855957031174,2.2567582501590366,6.463078863719493,0.979167,1.0,1.020833,0.04166600000000009,1.0004408824339648,1.1177231160462522,1.1172305487226315,1.0232843906250004,0.04477651126902961,1.313725,0.980392,0.333333,0.04375764125716905,1.0242635793867727,0.02588853710937512,4.383162565222035,27.110569149572747,1.0,1.019608,1.039216,0.03921599999999992,1.0009569077479763,1.2838317598078524,1.2826044256953157,1.009728796875,0.02849626152902546,1.150943,0.962264,0.18867900000000004,0.028221698358230716,1.01013082328962,0.019807696289062527,2.240826391743118,8.513880369787366,1.0,1.0,1.018868,0.018868000000000107,1.000398152866259,1.1398535958982676,1.1393999405461237,1.0234374062499998,0.031230020559010398,1.125,0.982143,0.142857,0.030514832043750505,1.0239137847962803,0.024483732421874967,1.0486742295190448,1.381052495053316,1.0,1.017857,1.035714,0.035714000000000024,1.0004654691565613,1.0992367419148164,1.098725319167211,1.0298795000000005,0.033356299366180446,1.210526,1.0,0.210526,0.03238854581160265,1.0304195394244304,0.021450125000000136,3.051682619460301,12.980691704291491,1.017544,1.017544,1.035088,0.017544000000000004,1.0005243714671763,1.175405472193591,1.1747894461281014,1.0230532187499999,0.033636376848337826,1.180328,0.983607,0.19672100000000003,0.0328784233624091,1.0236060249149666,0.023693710937499925,2.1996166250548805,7.082557312611345,1.0,1.016393,1.032787,0.0327869999999999,1.000540349372677,1.1537307916807726,1.1531077106526926,1.0196572187499997,0.01745287809133203,1.080645,0.983871,0.09677400000000003,0.017116416939339237,1.0198065731807462,0.012742540039062314,1.0628597838881777,1.6729508124807184,1.016129,1.016129,1.032258,0.016128999999999838,1.0001464751369382,1.05981204284001,1.059656829460807,1.1940104531250004,0.14362513169118524,1.416667,0.833333,0.5833339999999999,0.12028800193104272,1.2026176202871293,0.11328114062500008,-0.6764116101034707,0.06800309675415317,1.166667,1.2083335,1.333333,0.1666660000000002,1.007208619605969,1.186477887435789,1.177986232782591,1.0621995937500002,0.08142908329236527,1.326923,0.980769,0.3461540000000001,0.0766608119335531,1.065316231251782,0.05692224023437509,1.9791294044110535,3.2073788058108246,1.019231,1.038462,1.057692,0.03846100000000008,1.0029341354676844,1.2492219050050826,1.2455672419829944,1.0483774687500005,0.061941986792827176,1.25,0.980769,0.269231,0.0590836684678866,1.0502057544645715,0.04426442773437517,1.8355849032172784,2.7577648089323743,1.0,1.019231,1.057692,0.05769200000000008,1.0017439193125268,1.1923186421493757,1.1902429544744686,1.0679086718750004,0.08101836877293142,1.326923,0.980769,0.3461540000000001,0.07586638343397092,1.0709775476378827,0.05975805957031265,1.7043491176054253,2.598915577953491,1.019231,1.038462,1.076923,0.05769200000000008,1.0028737249202162,1.2425435198219998,1.2389830234318389,1.0441707500000004,0.0739884995875626,1.346154,0.961538,0.38461600000000007,0.07085862114751114,1.0467888293379815,0.05002996875000018,2.146621197346634,4.898315035790271,1.0,1.019231,1.0432695,0.04326950000000007,1.002507328746741,1.289208685456856,1.2859843000534745,1.0533089375000002,0.07013983256633562,1.313725,0.980392,0.333333,0.0665899909031538,1.055641659811611,0.05124078906250003,1.7796435964390958,2.6438721713297335,1.019608,1.019608,1.058824,0.03921599999999992,1.002214661082386,1.2472361652205195,1.2444800636557356,1.057904578125,0.08020582595107349,1.333333,0.980392,0.35294100000000006,0.0758157471000154,1.0609406538229782,0.056305562988281294,1.8946832344553042,2.7824434307660066,1.019608,1.029412,1.058824,0.03921599999999992,1.0028698956037785,1.2603528026725828,1.2567460726436368,1.0505516406250002,0.06256530946098625,1.27451,0.980392,0.294118,0.059554720626360205,1.0524130213788827,0.0441272446289063,1.9084988126071798,3.4163689447622714,1.019608,1.039216,1.058824,0.03921599999999992,1.0017718127142947,1.2131816759067278,1.2110359470183327,1.0441178281250003,0.06685391184365043,1.294118,0.980392,0.31372600000000006,0.06402908756352235,1.0462559364406332,0.04381137792968765,2.3339998874175936,5.527714864047568,1.0,1.019608,1.058824,0.05882399999999999,1.0020477653556328,1.2394367428089448,1.2369038539485804,1.05913003125,0.08095600552595074,1.313725,0.980392,0.333333,0.07643632333832073,1.0622195149432834,0.059905360351562464,1.6938614002899497,2.0621362444954423,1.019608,1.019608,1.058824,0.03921599999999992,1.0029170013144062,1.2403812197162642,1.236773549646323,1.0554535937500003,0.06681381203850151,1.254902,0.980392,0.2745099999999999,0.06330341043334146,1.0575662504254315,0.049603666992187566,1.502370818590019,1.331488684096314,1.019608,1.039216,1.058824,0.03921599999999992,1.0020016575697326,1.1889693752819246,1.1865942199793018,1.0548408437500003,0.06802777545427191,1.27451,0.960784,0.31372600000000006,0.06449103280114801,1.0570321583927658,0.04819621289062513,1.7983148650175553,2.344826619602385,1.019608,1.039216,1.058824,0.03921599999999992,1.0020773888835923,1.2082486258960805,1.2057438270732583,1.0652575312500003,0.08290360375497272,1.372549,0.980392,0.392157,0.07782494028246063,1.0684786452711195,0.059273440429687754,1.9059878884338328,3.0980319869620034,1.019608,1.039216,1.058824,0.03921599999999992,1.0030237890149807,1.2884668352350592,1.2845825286959522,1.0533089687500001,0.06525950643751278,1.254902,0.980392,0.2745099999999999,0.06195666074595245,1.0553286629432828,0.048177082031250026,1.6171137307192225,1.6807679444167665,1.019608,1.039216,1.058824,0.03921599999999992,1.001917475549154,1.1913902161957641,1.189110126602752,1.0431987187500005,0.059248878825749904,1.352941,0.980392,0.3725489999999999,0.05679539071591663,1.0448798957027312,0.037951988281250154,2.8631499638540863,11.152542465639804,1.0,1.019608,1.058824,0.05882399999999999,1.0016115596410482,1.2969158950090969,1.294829200527476,1.0502452343750004,0.07043103604097017,1.294118,0.980392,0.31372600000000006,0.06706151452606551,1.0526041911208617,0.05104936083984392,1.6425989791943658,1.976612481302075,1.0,1.019608,1.058824,0.05882399999999999,1.0022461008806816,1.2322055436605985,1.2294440882113185
9.0,1.0237499999999997,0.0462162038683404,1.2,0.96,0.24,0.045144033082627995,1.0247926619565542,0.03570312499999997,1.4775784507508953,3.0135766144723,1.0,1.0,1.04,0.040000000000000036,1.0010184732176357,1.1721611721611724,1.170968572031865,1.01504628125,0.05267152257371526,1.185185,0.962963,0.22222199999999992,0.05189075961034191,1.0164119452120228,0.03779654785156249,1.7801641198394886,3.5776147001503364,0.9907407500000001,1.0,1.037037,0.04629624999999993,1.0013454203884584,1.1676167105804072,1.1660478859806898,1.0010080625000002,0.03649965883568082,1.129032,0.935484,0.19354800000000005,0.03646290195158225,1.0016732832042214,0.025705593750000078,1.2628246737979278,2.0045200688046867,0.967742,1.0,1.0080645,0.04032249999999993,1.000664550795485,1.1278950113351358,1.1271459655870772,1.01171875,0.036435074426128186,1.15625,0.96875,0.1875,0.036013046537022454,1.0123746064328165,0.02783203125,1.4009178600970074,2.8319538511165288,1.0,1.0,1.03125,0.03125,1.0006482596401585,1.1428571428571428,1.1421167546607476,1.0272319843750002,0.03441550799217023,1.171429,0.971429,0.20000000000000007,0.033503150715375844,1.0278083366627069,0.023953519042968673,1.4106931730696213,3.607657869566574,1.0,1.028571,1.028571,0.028570999999999902,1.0005610731523877,1.1403743436909568,1.13973486905509,1.0202702499999998,0.04481920910446768,1.162162,0.972973,0.18918899999999994,0.043928762114221885,1.021254201724435,0.033150304687499944,1.6317082538539034,2.441640289365451,1.0,1.0,1.027027,0.027026999999999912,1.0009644030338385,1.1390727113723056,1.1379752445939861,1.0194359531250003,0.04094439471383328,1.121951,0.95122,0.17073099999999997,0.04016377349486397,1.0202578624947516,0.0331434458007813,0.9587838114768451,0.21865452123147033,1.0,1.0,1.04878,0.048780000000000046,1.0008062393397366,1.1005605566104941,1.0996739562061169,1.0197174062499998,0.033817383128318224,1.190476,0.97619,0.2142860000000001,0.03316348521761661,1.0202780032965892,0.021461318359375058,2.5908228911642883,9.801033574292468,1.0,1.02381,1.02381,0.02381000000000011,1.0005497572593676,1.1674567803818934,1.1668153151920253,1.019361359375,0.03845217701264095,1.173913,0.978261,0.19565199999999994,0.037721831084726515,1.0200863448276616,0.028192828124999965,1.6621132399736818,3.8724866472995156,1.0,1.0108695,1.043478,0.043477999999999906,1.0007112153565505,1.1516161459364715,1.1507976809534948,1.0143229374999998,0.03807336197390628,1.166667,0.979167,0.1874999999999999,0.03753573991705801,1.0150372418934317,0.025675333984374993,2.224203175391981,5.719232171417716,1.0,1.0,1.020833,0.0208330000000001,1.0007042179241183,1.150192859559582,1.1493834431372398,1.0242035781249998,0.024933215110448458,1.117647,0.980392,0.13725500000000002,0.024344003128844237,1.0245070203077173,0.018612222656249913,1.13172381445269,2.8071899184872526,1.0,1.019608,1.039216,0.03921599999999992,1.000296271355811,1.0912352034993533,1.0909119975227768,1.006780671875,0.02797917398377246,1.132075,0.981132,0.15094299999999994,0.02779073413444145,1.0071693777304245,0.019135152832031304,2.3276025658742188,7.239570806818629,0.981132,1.0,1.018868,0.0377360000000001,1.0003860879199244,1.1244504703210634,1.124016501128182,1.0178570312499995,0.021409869071418293,1.071429,0.982143,0.08928599999999998,0.021034259639711363,1.0180821767218589,0.01674097753906236,0.22285854014403522,-0.23362720204634568,1.0,1.017857,1.035714,0.035714000000000024,1.0002211955755542,1.0526321154201885,1.0523993293448213,1.0254935468750004,0.022348993653189472,1.087719,0.982456,0.1052630000000001,0.021793402524368725,1.0257370482728883,0.017612433593750105,0.803952422266515,0.7196563361104187,1.017544,1.017544,1.035088,0.017544000000000004,1.000237448006016,1.0606785418734423,1.0604267456571599,1.0171618437499998,0.02932968045727034,1.131148,0.983607,0.14754100000000003,0.028834821751806735,1.0175846139445235,0.021572436523437405,1.7386054725413058,3.8489684703160227,1.0,1.0,1.032787,0.0327869999999999,1.0004156370956316,1.1120629494218581,1.1116009268411244,1.0257055937499995,0.026088182288465604,1.112903,1.0,0.11290299999999998,0.025434376537897884,1.02603730843725,0.019720222656249762,1.5745038836228846,2.0795245370669075,1.016129,1.016129,1.032258,0.016128999999999838,1.000323401460684,1.0850121192487652,1.0846613381876478,1.1848958125000002,0.154130565522777,1.583333,0.833333,0.7500000000000001,0.13007942461842145,1.1948783694202545,0.12467441406250004,0.15592883487389864,-0.15137049826979831,1.083333,1.166667,1.27083325,0.1875002499999998,1.008424839395113,1.3362634784397973,1.32509972606519,1.0597957968750003,0.07284220770357398,1.269231,1.0,0.269231,0.06873230476886436,1.0622961537617686,0.05203008251953138,1.7401551056143922,1.8003058431163028,1.019231,1.038462,1.057692,0.03846100000000008,1.002359281754222,1.1976184504057832,1.194799581553073,1.046274109375,0.06483421818355191,1.211538,0.980769,0.230769,0.06196676148498134,1.0482809679641818,0.05125068505859379,1.3752260669268046,0.7966053768525017,1.0,1.019231,1.0624997500000002,0.06249975000000019,1.00191810021026,1.1579546785533301,1.1557378575258046,1.0429687812500004,0.05141552806864039,1.211538,0.980769,0.230769,0.04929728386214855,1.0442353351561553,0.0370246884765626,1.596365427692805,2.3819361602865694,1.0,1.038462,1.057692,0.05769200000000008,1.0012143737462946,1.161624414632976,1.1602154794147301,1.0435697499999999,0.06893984123381594,1.307692,0.961538,0.3461540000000001,0.06606155576454373,1.0458444075599422,0.05077175781249994,1.7702235311201984,3.0232424137407454,1.0,1.019231,1.057692,0.05769200000000008,1.0021796890528327,1.2530949656216082,1.2503695488040845,1.0572918281250003,0.06891608653521929,1.313725,1.0,0.31372500000000003,0.06518170736024222,1.0595354816159932,0.04960366552734379,1.7979813083499756,2.888211671176207,1.019608,1.029412,1.058824,0.03921599999999992,1.002122075884169,1.2425377412873397,1.2399065654661412,1.06403196875,0.08211642021334878,1.294118,0.980392,0.31372600000000006,0.07717476788767658,1.0671959224953291,0.061408455078124966,1.5562817039802035,1.425890072922356,1.0,1.039216,1.078431,0.07843099999999992,1.0029735513953082,1.2162397728710161,1.2126339435162752,1.0530026093750007,0.05775993475845115,1.313725,1.0,0.31372500000000003,0.0548526036347944,1.0545855609735322,0.0415613432617189,2.1130378782698935,5.61210872005688,1.019608,1.039216,1.058824,0.03921599999999992,1.001503274146178,1.247598997669862,1.245726329485533,1.04534325,0.07608900791301922,1.333333,0.980392,0.35294100000000006,0.07278853899235416,1.0481087956151072,0.050245124999999974,2.422611693294686,5.73491456338317,1.0,1.019608,1.0441179999999999,0.04411799999999988,1.0026455861413055,1.2754977850576834,1.2721322496082121,1.0569854375,0.0764704532646178,1.313725,0.980392,0.333333,0.0723476885788389,1.0597480574691152,0.05495556640625001,1.898065005636294,2.770592520864155,1.019608,1.019608,1.058824,0.03921599999999992,1.0026136783640551,1.242897918354717,1.2396578514495524,1.0579045468750004,0.07815736812573433,1.352941,0.980392,0.3725489999999999,0.07387941412730238,1.0607877282902272,0.05461093359375005,1.950162335729806,3.70614834474034,1.014706,1.029412,1.058824,0.04411799999999988,1.0027253700948195,1.2788875934001072,1.2754116246995655,1.0649510937500004,0.07757448465944657,1.313725,0.980392,0.333333,0.07284323675961907,1.0677727439626377,0.05821064062500021,1.6272196149028215,1.677852201932418,1.019608,1.039216,1.06372575,0.044117749999999845,1.002649558490711,1.2336012495878987,1.2303413881165415,1.0582109218750004,0.07490284493143114,1.352941,0.980392,0.3725489999999999,0.07078252868408678,1.060858516181286,0.05183435888671891,2.0724879526540994,3.9690673021092655,1.019608,1.039216,1.058824,0.03921599999999992,1.002501953298303,1.2785173277202426,1.2753265203262987,1.0514707343750003,0.06433530169579385,1.294118,1.0,0.2941180000000001,0.06118601268920251,1.053437105997027,0.04496014111328135,2.122231717874174,4.128467753716728,1.019608,1.019608,1.058824,0.03921599999999992,1.001870115408581,1.230769395373834,1.2284720109371698,1.0560663125000003,0.07294425025659043,1.313725,0.980392,0.333333,0.06907165714235432,1.0585825050712128,0.050570574218750115,2.0342399101358697,3.37455241632017,1.019608,1.019608,1.058824,0.03921599999999992,1.0023826084985668,1.2439796482950494,1.2410227768799404,1.0536153281250005,0.07428060537983962,1.313725,0.980392,0.333333,0.07050068786682173,1.0562304994628526,0.05239926318359395,1.9732926832108084,3.2785755925337465,1.019608,1.019608,1.058824,0.03921599999999992,1.0024820931017642,1.2468734697870116,1.2437862764501655
9.0,1.0374999999999996,0.060776228905716094,1.28,0.96,0.32000000000000006,0.058579497740449266,1.0392785959500945,0.04140625000000005,1.8600645204678465,4.338306006886496,1.0,1.04,1.04,0.040000000000000036,1.0017143093494891,1.2337349397590367,1.2316235559819657,1.0185184999999999,0.04536087580173028,1.222222,0.962963,0.2592589999999999,0.04453613341508307,1.019528098629827,0.03240737499999996,2.19508959139622,7.40858011634059,1.0,1.0,1.037037,0.03703699999999999,1.0009912423091256,1.1999998036363602,1.198811490965849,1.0120967500000002,0.04209792592055456,1.16129,0.967742,0.19354799999999994,0.04159476445364986,1.0129718982910507,0.03389610156250002,1.1231646097911312,1.5805065133168164,0.967742,1.0,1.032258,0.0645159999999999,1.0008646883719867,1.1474100672687662,1.1464187722869426,1.01904296875,0.04835463788768378,1.1875,0.96875,0.21875,0.04745102941733415,1.020189562367731,0.0359039306640625,1.6171269867014115,2.7487658413010116,1.0,1.0,1.03125,0.03125,1.0011251670958856,1.165309056061332,1.1639993622792637,1.0406248906249993,0.0433909614112336,1.228571,1.0,0.22857100000000008,0.04169702435732917,1.041529134743952,0.02986902294921862,2.2631942964906906,6.937980938435998,1.0,1.028571,1.057143,0.057142999999999944,1.0008689433888225,1.1806088928567915,1.1795839012242613,1.012246609375,0.034429499310464684,1.135135,0.972973,0.16216200000000003,0.03401295592555532,1.0128319646486053,0.025746912597656244,1.6399956398998325,3.470898283358885,1.0,1.0,1.027027,0.027026999999999912,1.000578273385343,1.121401632257258,1.1207535303191452,1.0125761718750004,0.0378323191508244,1.195122,0.97561,0.21951200000000004,0.03736244265038333,1.0132826793256458,0.027522209472656333,2.1955625039864213,7.807723122558618,0.9939025,1.0,1.02439,0.03048749999999989,1.0006977326449793,1.1802786132987677,1.1794556685754967,1.0215774999999998,0.034636266965602694,1.190476,0.97619,0.2142860000000001,0.03390468854844855,1.0221644972779882,0.023949218750000056,2.131967313159424,7.756619557261787,1.0,1.02381,1.02381,0.02381000000000011,1.0005745988708525,1.1653310688616383,1.1646618554745576,1.0166439999999999,0.03277633460240404,1.108696,0.978261,0.13043499999999986,0.03223973642927519,1.017172212973776,0.024796124999999964,1.1958604627787164,1.3468268614233034,1.0,1.0108695,1.021739,0.021738999999999953,1.0005195653284493,1.0905449695271896,1.0899786544096084,1.008463546875,0.025968235926277387,1.125,0.979167,0.145833,0.025750297079896504,1.0087978363640695,0.01853423486328129,2.0039430138423646,6.01646732964434,1.0,1.0,1.020833,0.0208330000000001,1.0003314839590438,1.1155584190287493,1.1151887518462062,1.0189951718750005,0.02857656291906592,1.117647,0.980392,0.13725500000000002,0.02804386488552606,1.0193957917574648,0.020335577148437402,1.1721445809510136,1.8749341038058285,1.0,1.019608,1.039216,0.03921599999999992,1.0003931518946523,1.0968128513734519,1.0963818067888507,1.0109080312500003,0.03872592202298449,1.188679,0.981132,0.20754700000000004,0.038308056545064154,1.0116495167212216,0.02449703808593759,3.1112102616236803,12.211399260633844,0.981132,1.0,1.018868,0.0377360000000001,1.0007334845983016,1.17585276133397,1.1749909235883738,1.0234373906249998,0.030585186418743426,1.178571,0.982143,0.19642800000000005,0.02988476549607539,1.02389430419237,0.021658687988281206,2.2486121367997756,9.151747670137507,1.0,1.017857,1.035714,0.035714000000000024,1.0004464499456007,1.1515809474972007,1.1510670536737053,1.0304277500000005,0.030425142897158274,1.140351,1.0,0.1403509999999999,0.029526711501275327,1.0308768293498376,0.023377570312500127,1.5634332109402687,2.6583725320463145,1.017544,1.017544,1.052632,0.03508800000000001,1.00043581837721,1.1066772997912753,1.1061951995945107,1.0363729687499996,0.06054407954152305,1.278689,0.983607,0.29508199999999996,0.05841919981234851,1.038139930800862,0.03941470117187479,2.370648166169461,6.097874454418997,1.0,1.016393,1.032787,0.0327869999999999,1.0017049480294664,1.2338116089058797,1.2317116046326904,1.0342741249999996,0.034510501076891444,1.145161,0.983871,0.16129000000000004,0.03336688044563762,1.0348497187172125,0.02539057421874986,1.5486934658932663,2.389422503727185,1.016129,1.0241935,1.048387,0.0322579999999999,1.0005565194983612,1.107212268314264,1.1065964258264747,1.0716145625,0.16195635373273365,1.583333,0.666667,0.9166660000000001,0.15113302804965723,1.0837839411416228,0.12438962304687498,-0.04543209942297094,0.7490904767559381,1.0,1.083333,1.166667,0.1666669999999999,1.0113561154051813,1.4775209813369816,1.460930486137457,1.055589046875,0.06397275099173809,1.230769,0.980769,0.25,0.06060384122128312,1.0575257674174763,0.049654339843750006,1.3160514328472717,0.6683544796315903,1.019231,1.038462,1.076923,0.05769200000000008,1.0018347296689083,1.1659546900790685,1.163819396103786,1.04537271875,0.06953457320203846,1.288462,0.980769,0.307693,0.06651653707319255,1.047682765906339,0.048227109374999966,1.919348076949188,3.223946282268117,1.0,1.019231,1.0432695,0.04326950000000007,1.0022097832810304,1.2325383826169416,1.2298207452953236,1.054086640625,0.08207474560125953,1.288462,0.980769,0.307693,0.07786337710588469,1.0572771206309204,0.06141069091796875,1.7481100098045979,2.072189383465312,1.0,1.019231,1.057692,0.05769200000000008,1.0030267720725772,1.222349236146311,1.2186606281909536,1.037259609375,0.10537923459931774,1.711538,0.961538,0.75,0.10159388608876221,1.0425988108210733,0.05772989501953123,4.5395150059074325,26.06733865828067,1.0,1.0,1.038462,0.038461999999999996,1.0051474109256895,1.6500575020281432,1.6416074737819046,1.0649510781250002,0.08223568671171305,1.372549,1.0,0.372549,0.07722015442859669,1.0681214851170004,0.05924464599609384,1.9732287112034939,3.4518169411805495,1.019608,1.029412,1.078431,0.05882299999999985,1.0029770447273336,1.2888376078425783,1.2850120694367018,1.0609682812500003,0.07950520911461334,1.352941,0.980392,0.3725489999999999,0.07493646183365892,1.0639430304743474,0.05672669824218768,2.010036438630202,3.7133706741157138,1.019608,1.029412,1.058824,0.03921599999999992,1.0028038059920532,1.2751945783016305,1.2716291767960601,1.0487134062500005,0.06033517554532313,1.294118,1.0,0.2941180000000001,0.05753256817901302,1.050447591199372,0.04185818359375016,2.1492784349260843,4.857898849589806,1.019608,1.019608,1.058824,0.03921599999999992,1.0016536309529718,1.2340053939307591,1.2319681732264358,1.0563726562500007,0.07816278503830539,1.313725,0.980392,0.333333,0.07399167762991342,1.059260406999915,0.05575973437500037,1.8965833761302076,2.8162366584549803,1.019608,1.039216,1.0441179999999999,0.02450999999999981,1.0027336477641948,1.2436188992846238,1.2402285512783313,1.0533090000000005,0.056581970021929225,1.215686,0.980392,0.235294,0.053718301108154586,1.0548276488661847,0.0424709375000001,1.2913374521162813,0.8583757845204056,1.019608,1.039216,1.058824,0.03921599999999992,1.0014417885598474,1.1541589410135102,1.1524972836147394,1.0542280468749998,0.06990596666156924,1.313725,0.980392,0.333333,0.0663100994787497,1.0565432404746935,0.05127906445312494,1.8114842663593702,2.936692560463622,1.019608,1.019608,1.06372575,0.044117749999999845,1.0021961032117828,1.2461487852597122,1.2434181107530986,1.0594364687500009,0.07377153584906768,1.313725,0.980392,0.333333,0.0696328076530239,1.0620018224179282,0.05062801171875051,2.073607682064279,3.775054213394186,1.019608,1.039216,1.058824,0.03921599999999992,1.0024214322836689,1.240022444715375,1.2370270674385073,1.0606619218750002,0.06816351843529111,1.294118,1.0,0.2941180000000001,0.06426507544910642,1.0628499319099791,0.04944075292968761,1.6792022170869092,1.9857458086573887,1.019608,1.039216,1.058824,0.03921599999999992,1.0020628722402998,1.2201041380954871,1.217592400532429,1.0640320156250003,0.08784234731332825,1.392157,1.0,0.3921570000000001,0.08255611299602734,1.0676518197692149,0.060384024902343916,2.1816881927303253,4.117274152510103,1.019608,1.039216,1.058824,0.03921599999999992,1.00340196919929,1.3083788641286915,1.3039428905773145,1.0591300625000002,0.07208483210076927,1.294118,0.980392,0.31372600000000006,0.06806041547967982,1.0615802900912632,0.050110972656250086,1.8578265351369532,2.848802696491659,1.019608,1.039216,1.058824,0.03921599999999992,1.0023134340889914,1.2218688202894816,1.219048631628933,1.0502452187500004,0.06755770823513328,1.352941,1.0,0.35294099999999995,0.06432565178972233,1.0524158225004123,0.04798558886718765,2.224059380797272,5.6415366838144285,1.019608,1.019608,1.058824,0.03921599999999992,1.0020667589927192,1.288214386360423,1.2855574489421646
9.0,1.0256249999999998,0.03831917763992332,1.16,0.96,0.19999999999999996,0.03736178197676863,1.0263405867449658,0.03142578125000002,0.897241408854481,1.3367894670969207,1.0,1.0,1.04,0.040000000000000036,1.000697707978029,1.1310176721511276,1.1302291022894597,1.013888875,0.03433421792082025,1.185185,0.962963,0.22222199999999992,0.033863886632369104,1.014470053460919,0.024594882812499955,2.3049803065183774,8.676841585413321,1.0,1.0,1.037037,0.03703699999999999,1.0005732171199917,1.1689496050541042,1.1682799269990058,1.00756046875,0.034565667895945146,1.129032,0.967742,0.16129000000000004,0.03430629621547977,1.0081532044212387,0.026288379882812456,1.1511853742864737,1.8514836172087952,0.9919355,1.0,1.032258,0.04032249999999993,1.0005882879386625,1.1205600408288152,1.1199012164506836,1.0009765625,0.024685985663602614,1.0625,0.96875,0.09375,0.02466190177515032,1.0012809179059092,0.016204833984375,0.7224262201166862,0.5438958446607729,1.0,1.0,1.0,0.0,1.0003040584738059,1.0614634146341464,1.0611407657924063,1.0383926875,0.03242683114715491,1.142857,1.0,0.142857,0.031227907840168517,1.0388988751710724,0.026562609375000042,0.7923808972026678,0.43203095730241303,1.02142825,1.028571,1.057143,0.035714749999999906,1.000487472299416,1.1006019338902557,1.1000656823425756,1.00675675,0.03059248676605498,1.162162,0.972973,0.18918899999999994,0.030387168266867815,1.0072214522720881,0.02048139843750002,2.3999215303759596,9.770073559875783,1.0,1.0,1.027027,0.027026999999999912,1.0004615834679906,1.1543622627809547,1.1538296740785228,1.0179115156249996,0.03613593998751114,1.170732,0.95122,0.21951200000000015,0.03550007975430321,1.0185527280414923,0.024211468261718747,1.9788246978692925,6.109009710566796,1.0,1.02439,1.02439,0.024389999999999912,1.000629929425741,1.1501314033972476,1.1494073578803556,1.0197173906249997,0.027456844543766075,1.095238,0.97619,0.11904799999999993,0.026925935358361765,1.0200869742602146,0.021333409667968796,1.0978349214067677,0.9862095719785353,1.0,1.02381,1.02381,0.02381000000000011,1.0003624373170574,1.0740603328621399,1.073671194355056,1.0220787656249997,0.03735640301195957,1.152174,0.978261,0.17391299999999998,0.036549436568243526,1.0227612155276105,0.02698281933593735,1.299781968430591,2.0107932962778676,1.0,1.021739,1.043478,0.043477999999999906,1.0006677077399153,1.1272849400167777,1.1265327453834173,1.0065104843749997,0.029663453118374553,1.125,0.979167,0.145833,0.02947157886466955,1.0069475038986406,0.02067047851562489,2.0866987726173574,5.532252672344833,0.979167,1.0,1.020833,0.04166600000000009,1.00043419271873,1.1177230813433376,1.117237984745273,1.0294118906250003,0.0417387213628264,1.235294,0.980392,0.25490199999999985,0.04054618150707879,1.030257716021162,0.027879998535156252,2.7025915007924453,10.055866926983114,1.0,1.019608,1.039216,0.03921599999999992,1.0008216588557648,1.199999738928603,1.1990145579988323,1.017983515625,0.037651657331547246,1.207547,0.981132,0.22641499999999992,0.03698650985367939,1.0186795793496828,0.02152126562500003,3.147185961930325,12.014677468678077,1.0,1.0094340000000002,1.018868,0.018868000000000107,1.0006837671867952,1.1862146895950627,1.1854041491347933,1.0234373906249998,0.025814778079629837,1.107143,0.982143,0.125,0.025223602651321043,1.0237629097093766,0.020193851074218717,0.7980290832208794,0.9605487736448319,1.0,1.017857,1.035714,0.035714000000000024,1.0003180644828482,1.0817886957636775,1.0814447266059806,1.0285089062500006,0.031854930533160186,1.175439,1.0,0.1754389999999999,0.030971954000189456,1.0290020927261727,0.021244576171875112,2.5041344319768952,8.142215926475693,1.017544,1.017544,1.035088,0.017544000000000004,1.000479515999497,1.1428573859274729,1.1423096301834204,1.01972325,0.02303483383378312,1.131148,1.0,0.13114800000000004,0.022589299433726867,1.0199833871981998,0.01676977343749994,2.119658492791226,7.333241077769247,1.0,1.016393,1.032787,0.0327869999999999,1.0002551056849982,1.1092695983934857,1.1089866895843854,1.0284777656249997,0.026555081450368254,1.129032,0.983871,0.14516099999999998,0.025819791480111282,1.02882053184014,0.020562899902343675,1.3331635822492527,2.571420468346729,1.016129,1.016129,1.048387,0.0322579999999999,1.0003332752798326,1.0977699642479817,1.0974042265472896,1.183593765625,0.1406671858504524,1.5,0.833333,0.666667,0.11884752178985389,1.1919234284136933,0.10807282812499999,-0.6676246507876488,0.4582806097649801,1.1458335,1.2083335,1.25,0.10416650000000005,1.0070376027912709,1.2673267159428816,1.2584701032316477,1.0516828437500008,0.0643112517479005,1.288462,0.961538,0.326924,0.06115080428485925,1.0536473513180153,0.04063983789062538,2.1688813144478285,4.4663900983397316,1.019231,1.038462,1.057692,0.03846100000000008,1.0018679657842564,1.2251431195793898,1.22285886106794,1.0588943593750002,0.07369073103399079,1.269231,0.980769,0.288462,0.0695921461679009,1.0614554103477525,0.05596453027343761,1.536304327117926,1.4024150611700028,1.01442325,1.038462,1.057692,0.04326874999999997,1.0024186085704185,1.1986379838203582,1.1957459424359393,1.05558909375,0.0651364679796672,1.288462,0.980769,0.307693,0.06170627222783126,1.057596848664373,0.048921935546875045,1.5789172519676848,1.9891771936671967,1.019231,1.038462,1.076923,0.05769200000000008,1.001902023170058,1.2206094280708364,1.218292208063199,1.0447717031250003,0.06959162404401653,1.269231,0.980769,0.288462,0.06660940742926144,1.0470868664002033,0.05013325146484392,1.7011426839407195,2.323638192046448,1.0,1.019231,1.057692,0.05769200000000008,1.0022159513588262,1.2148405208560138,1.2121544455652562,1.0588236562500006,0.07949641019572416,1.352941,1.0,0.35294099999999995,0.0750799339686779,1.0618037550642894,0.05453428808593769,2.0948379991468826,3.924949502839147,1.019608,1.039216,1.058824,0.03921599999999992,1.0028145374318924,1.2777774580440189,1.274191199218431,1.0450369062500002,0.07317563555790761,1.333333,0.980392,0.35294100000000006,0.07002205866632052,1.0475957278759185,0.048129262695312605,2.481943843700975,6.14212500502093,1.0,1.019608,1.039216,0.03921599999999992,1.0024485466595627,1.275871686469446,1.2727552857660427,1.0511643750000004,0.06009826368475111,1.27451,0.980392,0.294118,0.05717304078608171,1.0528809735991351,0.04448149218750007,1.700302567176166,2.688451065952802,1.019608,1.019608,1.058824,0.03921599999999992,1.0016330448785755,1.2124745000038644,1.2104977029295678,1.0551472031250004,0.073109474310828,1.294118,0.980392,0.31372600000000006,0.0692884121706447,1.0576769901517742,0.05143230419921888,1.8402133329159296,2.5314719006638793,1.019608,1.019608,1.058824,0.03921599999999992,1.0023975678647314,1.2264810029986777,1.223547464915822,1.0536153125000007,0.08071444368979043,1.333333,0.960784,0.37254900000000013,0.0766071285527092,1.0567024406873609,0.05685126171875034,1.9992162387225627,3.628708936013153,1.0,1.019608,1.058824,0.05882399999999999,1.0029300335243183,1.2654836961663836,1.2617866190719664,1.0640320156250005,0.08421116995507709,1.333333,0.980392,0.35294100000000006,0.07914345500742512,1.0673591951260848,0.06144677441406276,1.768190456195995,2.1953461652138904,1.019608,1.029412,1.058824,0.03921599999999992,1.003126954313616,1.253094813333051,1.2491886574720485,1.0612746718750006,0.06936746977601754,1.294118,0.980392,0.31372600000000006,0.06536240957627208,1.0635392682108715,0.04787059130859403,1.9305136044929232,2.8900761821332575,1.019608,1.039216,1.058824,0.03921599999999992,1.0021338456441913,1.2193996844507982,1.2168032142123133,1.0588236718750004,0.0749855068179959,1.392157,1.0,0.3921570000000001,0.07081963579942357,1.0614755740739443,0.05085778857421892,2.4377257742739005,6.405993227071732,1.019608,1.019608,1.058824,0.03921599999999992,1.0025045739620158,1.3148147675379431,1.311529943790322,1.0575981718750007,0.07903220225336843,1.333333,0.980392,0.35294100000000006,0.07472800573515873,1.0605470202430254,0.05461087207031283,1.9645577881353629,3.2252869403546747,1.014706,1.039216,1.058824,0.04411799999999988,1.0027882502508458,1.2607179507847985,1.2572125276392419,1.0435050781250004,0.05262126406255148,1.196078,0.980392,0.21568599999999993,0.05042741541526838,1.04483101289357,0.0385072661132814,1.4694409436417726,1.3691086387066367,1.0,1.019608,1.058824,0.05882399999999999,1.0012706548308823,1.146211959168562,1.1447573676891198,1.0634192656250003,0.07472405979820904,1.333333,1.0,0.3333330000000001,0.0702677318473177,1.0660413780032842,0.05483100048828139,1.7234029839998368,2.400128109159616,1.019608,1.039216,1.058824,0.03921599999999992,1.0024657371396621,1.2538168557782938,1.25073287727101
9.0,1.0312499999999996,0.038385381331960254,1.12,0.96,0.16000000000000014,0.037222187958264506,1.0319641466640208,0.030390625000000115,0.4589958965505558,0.10562849652028872,1.0,1.04,1.04,0.040000000000000036,1.0006925058560205,1.0860606060606066,1.0853090232064442,1.0185184999999999,0.051967411737729945,1.222222,0.962963,0.2592589999999999,0.0510225506338176,1.0198433932349462,0.03935181249999993,1.5119702602329934,2.8882803253506717,1.0,1.0,1.037037,0.03703699999999999,1.0013008042906892,1.1999998036363602,1.1984408666149302,1.0156249687499999,0.03560830068079663,1.096774,0.935484,0.16128999999999993,0.03506048174910689,1.0162489991265982,0.029186559570312454,0.43312902482254045,0.055370132750812484,1.0,1.0,1.032258,0.0322579999999999,1.0006144299281716,1.0799005870738643,1.0792374712719106,1.00830078125,0.04948532333886633,1.3125,0.96875,0.34375,0.04907793811041077,1.009514369731958,0.029510498046875,3.8765547377027683,21.644627574333317,0.96875,1.0,1.03125,0.0625,1.0012035976808957,1.3016949152542372,1.3001300817030366,1.043303453125,0.040086761499640425,1.142857,1.0,0.142857,0.0384229165345603,1.044073294242353,0.03178028808593754,1.0623107659094873,0.5337057407775769,1.02142825,1.028571,1.057143,0.035714749999999906,1.0007378880181474,1.0954214678162981,1.094613765434285,1.0156249843750005,0.046519791330710866,1.162162,0.972973,0.18918899999999994,0.0458041029379938,1.0166898248099923,0.034153259765625166,1.6813385588154055,2.311525423266187,1.0,1.0,1.027027,0.027026999999999912,1.0010484582905836,1.1442826022197317,1.1430841261907925,1.0125761718749997,0.03708793756674582,1.170732,0.97561,0.19512200000000013,0.036627306267803666,1.0132551598496724,0.026367016601562435,2.0995955061822857,6.246507915600966,1.0,1.0,1.02439,0.024389999999999912,1.000670554960241,1.1561915365163504,1.1554167660727148,1.0264138281249997,0.04764091704569544,1.261905,0.97619,0.28571500000000005,0.04641492129224665,1.0275188579988066,0.02928523681640607,3.0459640323276234,11.585139079064056,1.0,1.02381,1.02381,0.02381000000000011,1.0010765929331111,1.2294310203372685,1.2281088470314632,1.0241167656249999,0.04123221031348781,1.195652,0.978261,0.2173909999999999,0.0402612394381851,1.024946459480468,0.029010185058593697,2.1187116708686364,6.027902368983505,1.0,1.021739,1.043478,0.043477999999999906,1.0008101555245625,1.1674957779548851,1.16655069046832,1.0149739531250002,0.03404762861530781,1.166667,0.979167,0.1874999999999999,0.03354532252820742,1.0155448619024743,0.023640850585937546,2.2277244452253693,6.4947873257320685,1.0,1.0,1.020833,0.0208330000000001,1.0005624861364337,1.149455113018371,1.1488089239252517,1.0251226718750004,0.03315065141048073,1.137255,0.980392,0.15686299999999986,0.032338228701787014,1.0256585484853518,0.024395006835937573,1.2921425915946265,2.2141300591162807,1.0,1.019608,1.039216,0.03921599999999992,1.0005227438871986,1.1093843021927354,1.1088046813234764,1.0082547499999999,0.023790473701410412,1.075472,0.962264,0.11320799999999998,0.02359569712060411,1.0085353873496454,0.019383921875000022,0.6952546829253735,0.5356031352078641,0.981132,1.0,1.018868,0.0377360000000001,1.0002783397248023,1.066666931150089,1.0663701179849117,1.0348771406249997,0.06780941637870694,1.482143,0.982143,0.5,0.06552412234920406,1.0370963374430537,0.03408374267578116,4.892504176760943,29.66658522776919,1.0,1.017857,1.035714,0.035714000000000024,1.0021444060661286,1.4321922301857786,1.429127600290444,1.0254935625000006,0.024990342026892976,1.157895,1.0,0.1578949999999999,0.024369087179806615,1.0257980132187632,0.01701280078125018,2.704750279825913,11.525401659781721,1.017544,1.017544,1.035088,0.017544000000000004,1.0002968821354865,1.1291099645493867,1.1287748514610014,1.0222847656249998,0.03371716807352292,1.163934,0.983607,0.18032700000000002,0.03298216818570027,1.0228406471449303,0.022589098632812395,2.358204130504882,7.936759836764117,1.0,1.016393,1.032787,0.0327869999999999,1.0005437638695425,1.138561425483436,1.1379426533829151,1.0269656718749995,0.026449637158460382,1.129032,1.0,0.12903200000000004,0.025755132700949507,1.0273062223677438,0.019420954101562367,1.8095672276762838,4.042014641895839,1.016129,1.016129,1.032258,0.016128999999999838,1.0003316084481408,1.0993863095137846,1.0990218645787988,1.2265625624999998,0.13539163510660415,1.666667,0.833333,0.8333339999999999,0.11038298350688831,1.234012404550054,0.095947166015625,0.4924116173315117,3.0041040551151355,1.166667,1.25,1.25,0.0833330000000001,1.0060737562663495,1.3588112428631214,1.3506079791861578,1.05619003125,0.07068321916944129,1.326923,0.980769,0.3461540000000001,0.06692282361895402,1.0585525492785097,0.04786079199218755,2.1636607597973976,4.391708628589667,1.019231,1.038462,1.057692,0.03846100000000008,1.002236830455324,1.2563297898481278,1.253525865016722,1.0567909531250004,0.06836638546633994,1.288462,1.0,0.288462,0.06469244013130132,1.059000038370433,0.04989840722656263,1.6699630284091769,1.8579071168573558,1.019231,1.038462,1.057692,0.03846100000000008,1.002090371079446,1.2192212624359937,1.2166779540278942,1.05468753125,0.07426432318940417,1.307692,0.980769,0.3269230000000001,0.07041357841918089,1.0572989067775491,0.05393616406249998,1.7087826740394136,2.4020674986921193,1.0,1.019231,1.057692,0.05769200000000008,1.002475970797203,1.239885711410794,1.2368233728582985,1.0438702656250005,0.07287021160731634,1.269231,0.961538,0.307693,0.06980772803571186,1.0464106264730415,0.053016046386718974,1.6968595242513418,2.1434135910623855,1.0,1.019231,1.057692,0.05769200000000008,1.0024335982465407,1.2158896002656694,1.2129377969698008,1.0551471718750003,0.07780649428280284,1.313725,0.980392,0.333333,0.07373994486905597,1.058012006013349,0.055108762207031335,1.875570888857711,2.98963369032833,1.0,1.019608,1.058824,0.05882399999999999,1.002715103840214,1.2450632812345088,1.2416919586292714,1.0612746250000002,0.07823955296445732,1.313725,0.980392,0.333333,0.07372224975647308,1.0641547149343318,0.05583626953125016,1.9172603697455375,2.9002978111357587,1.019608,1.019608,1.058824,0.03921599999999992,1.0027138026920521,1.2378746924246866,1.234524436685007,1.0523898281250001,0.0817360473434447,1.352941,0.980392,0.3725489999999999,0.07766708225322784,1.0555591559814623,0.056927877929687565,2.086816524967948,3.8222791930792717,1.0,1.019608,1.058824,0.05882399999999999,1.0030115531068073,1.2855892026346165,1.2817292070590123,1.0548408281250001,0.07689833520315853,1.294118,0.980392,0.31372600000000006,0.07290041601807051,1.0576400742390832,0.056899164550781325,1.6839212502897438,1.8907291160920163,1.0,1.019608,1.058824,0.05882399999999999,1.0026537142282015,1.2268372303149468,1.223590171666907,1.0496325312500003,0.0666710570944602,1.333333,0.980392,0.35294100000000006,0.06351847442748566,1.0517478217293228,0.04496023046875012,2.2849111263166986,5.837416434983884,1.019608,1.019608,1.058824,0.03921599999999992,1.002015267644957,1.2702855145049123,1.2677306978470224,1.0585172500000002,0.07923086688832198,1.313725,0.980392,0.333333,0.07485080369575646,1.0614783553212181,0.05660231250000005,1.7899795601404203,2.6675781633389226,1.0,1.039216,1.06372575,0.06372574999999991,1.0027974086593467,1.2410992829828704,1.2376371062247884,1.05913009375,0.06910650191070995,1.294118,0.980392,0.31372600000000006,0.06524836025197679,1.0613822422168269,0.04767915234374992,2.028582639748685,3.5044799013957073,1.019608,1.039216,1.058824,0.03921599999999992,1.0021264134407255,1.2218687842378195,1.219276099152626,1.0692402968750006,0.0760173689454998,1.352941,0.980392,0.3725489999999999,0.07109474752089952,1.0719391087383345,0.05750214892578143,1.6453577801722374,2.542525391581333,1.019608,1.039216,1.078431,0.05882299999999985,1.002524046158026,1.2653292285692497,1.2621435200665483,1.0585173281250007,0.0670772950923631,1.352941,0.980392,0.3725489999999999,0.06336910441624997,1.0606405128307126,0.04434741015625014,2.2656193608595454,5.634307463086974,1.019608,1.039216,1.058824,0.03921599999999992,1.0020058100602593,1.278147238644194,1.2755886500970768,1.0637255937500005,0.07027086935626282,1.27451,0.980392,0.294118,0.0660610873416458,1.066044151936905,0.05346186621093768,1.4158309948704018,1.1255592652429716,1.019608,1.039216,1.078431,0.05882299999999985,1.002179658175499,1.1981567497186107,1.1955508575177975,1.0526962031249998,0.07178273206854394,1.27451,0.980392,0.294118,0.06818940911485388,1.0551407757721316,0.05143228564453113,1.7084003769174918,1.9419410720438908,1.014706,1.019608,1.058824,0.04411799999999988,1.0023222014479343,1.2107101709083123,1.207905171769462
9.0,1.0406249999999997,0.06020472884250872,1.24,0.96,0.28,0.05785439408289128,1.0423650991855014,0.04095703124999982,1.4089405653743656,2.2120651062671977,1.0,1.04,1.04,0.040000000000000036,1.0016721673854672,1.191591591591592,1.1896023772946058,1.0144675781249999,0.05303586032605811,1.222222,0.962963,0.2592589999999999,0.052279502538742716,1.0158529763441797,0.03493920117187495,2.416450809565983,7.081951304774049,1.0,1.0,1.037037,0.03703699999999999,1.001365640705581,1.2047915836393552,1.2031485150523402,1.0115927187499998,0.03244254608605645,1.096774,0.935484,0.16128999999999993,0.03207075879919826,1.012112813585799,0.025296068359374913,0.7273663681098772,0.875032551304824,1.0,1.0,1.032258,0.0322579999999999,1.0005141346177757,1.0842051150340986,1.0836479740971325,1.00830078125,0.04529976501403896,1.21875,0.96875,0.25,0.04492683716646576,1.009317855870829,0.0273590087890625,2.8612447435763158,10.028481144941335,1.0,1.0,1.0,0.0,1.0010087016094225,1.2087167070217917,1.2074987011385776,1.0401784843749997,0.03837214697944666,1.171429,0.971429,0.20000000000000007,0.03688996413197577,1.0408860173047216,0.03038518505859373,1.0372801158597147,1.4423435207778033,1.0,1.028571,1.057143,0.057142999999999944,1.000680203388505,1.126180763779077,1.125415252510844,1.0118243125000002,0.04106497846586971,1.162162,0.972973,0.18918899999999994,0.04058508770599412,1.012657282510969,0.030722097656250044,1.6821415863417064,3.2979066457881885,0.972973,1.0,1.027027,0.054053999999999935,1.0008232358134495,1.1485808214358357,1.1476360463416817,1.0091463125000002,0.02971567391907586,1.073171,0.95122,0.12195100000000014,0.02944634841449302,1.0095837267452425,0.02486644335937505,0.5110215779532783,-0.5073198256181222,0.97561,1.0,1.02439,0.048779999999999935,1.0004334497781187,1.0634444051441747,1.0629836551147214,1.0212054687499996,0.03743795185994789,1.142857,0.97619,0.166667,0.036660547760063986,1.0218914862373474,0.025669843750000042,1.8399793607977626,3.7463383694242944,1.0,1.011905,1.02381,0.02381000000000011,1.0006717722420615,1.11912542086061,1.118374128165069,1.02241840625,0.038615354795614766,1.217391,0.978261,0.23912999999999984,0.03776864203496412,1.0231473711371109,0.026112365234374955,2.3842729467207455,9.20998213872251,1.0,1.021739,1.043478,0.043477999999999906,1.0007129809896367,1.190697460607263,1.189849120803594,1.009765640625,0.02523984114349721,1.083333,0.979167,0.10416600000000009,0.024995741712774928,1.0100810356440544,0.020019425781250003,1.0736876917895175,0.977337082552566,1.0,1.0,1.020833,0.0208330000000001,1.0003123447722575,1.072855875081534,1.0725208787919063,1.02879915625,0.04301021748274572,1.254902,0.980392,0.2745099999999999,0.041806233239458604,1.0296978113546837,0.02803319531249998,2.917770331639338,11.926666092299516,1.0,1.019608,1.039216,0.03921599999999992,1.000873499068525,1.2197735509175092,1.2187090097327047,1.0150354218750002,0.031142794604954734,1.150943,0.981132,0.16981100000000005,0.03068148552631488,1.0155130630950866,0.023760028808593785,1.5721657551595905,4.3204356581867245,1.0,1.0,1.037736,0.03773599999999999,1.0004705660608415,1.1338944190479066,1.1333610977806128,1.0237164062499997,0.03281393260240169,1.125,0.982143,0.142857,0.032053733242982003,1.0242421757564222,0.023123527343749894,1.7588988066452869,3.195590141915713,1.0,1.017857,1.035714,0.035714000000000024,1.0005135890205652,1.0989371598732256,1.0983730475355267,1.0290571250000007,0.027777124988187258,1.122807,1.0,0.12280700000000011,0.026992792055336324,1.029431947816792,0.020953261718750248,1.6774260137713548,2.767476445433563,1.017544,1.017544,1.035088,0.017544000000000004,1.0003642390764178,1.0911026926712153,1.0907054151381614,1.023821640625,0.03010691572253746,1.180328,0.983607,0.19672100000000003,0.029406406866100673,1.024264213075118,0.020836124511718707,2.494633653959338,10.465837758422634,1.0,1.016393,1.032787,0.0327869999999999,1.0004322749515706,1.1528648674386874,1.1523667281670775,1.0282257499999996,0.025502188190427884,1.129032,0.983871,0.14516099999999998,0.024802129484140904,1.028541955666157,0.018649156249999903,1.5910035020704427,3.3935690441565374,1.016129,1.016129,1.032258,0.016128999999999838,1.0003075255274996,1.0980390249903782,1.09770145377177,1.19921875,0.13389949419002206,1.75,0.916667,0.833333,0.11165560427571872,1.2066709099401984,0.10229485937499999,0.8392080806771406,3.3246488597749,1.083333,1.166667,1.25,0.1666669999999999,1.0062141789729342,1.4592833876221498,1.4502711431791526,1.0721155312500001,0.08559849325757886,1.346154,1.0,0.3461540000000001,0.07984073615441233,1.0755272262455458,0.06310092187500008,1.7659653050720467,2.1101864713634892,1.019231,1.038462,1.0624997500000002,0.04326875000000019,1.003182208349848,1.2556053529329,1.2516224295866123,1.0522837812499999,0.07635512908452612,1.307692,0.980769,0.3269230000000001,0.07256134746638825,1.0550503599446392,0.05181400878906245,2.158459577390788,3.883532738385619,1.01442325,1.019231,1.038462,0.024038749999999887,1.0026291184411804,1.2427180037371695,1.2394593183861076,1.0561899687499998,0.06936282147473906,1.269231,0.980769,0.288462,0.06567267586988154,1.058465139289463,0.05151349023437495,1.4890090322740217,1.2426440928362927,1.019231,1.038462,1.057692,0.03846100000000008,1.002154130039841,1.201707114774186,1.1991240456459642,1.0375601093750004,0.07262877463493658,1.269231,0.961538,0.307693,0.06999958265423899,1.0400989950342394,0.05118510205078135,1.7893356288905735,2.529895051096063,1.0,1.0096155,1.038462,0.038461999999999996,1.0024469769378166,1.2232843076094668,1.2202982658955628,1.0600491875000009,0.07286256352949602,1.294118,1.0,0.2941180000000001,0.06873507794608442,1.0625503437877664,0.05338535546875048,1.7197001899319053,2.0784307412019736,1.019608,1.039216,1.058824,0.03921599999999992,1.0023594719162647,1.2208093881492637,1.2179357030620725,1.04901971875,0.07789334170025956,1.313725,0.980392,0.333333,0.07425345806947879,1.0519076684802535,0.05330882812500006,2.094371215812223,3.851885130768162,1.0,1.019608,1.0441179999999999,0.04411799999999988,1.00275299851722,1.2523358489060814,1.248897635567205,1.0618873593750005,0.08137976297780658,1.352941,1.0,0.35294099999999995,0.07663690716283186,1.0650011407612363,0.05861276904296901,1.8647645436834803,2.719153198856091,1.019608,1.039216,1.058824,0.03921599999999992,1.0029323085530168,1.2740908798427606,1.2703657754140538,1.0487133437500005,0.07490473845997216,1.333333,0.960784,0.37254900000000013,0.07142536986525506,1.0513849900027403,0.05101101562500018,2.0611258763221394,3.7445954899828076,1.0,1.019608,1.0441179999999999,0.04411799999999988,1.0025475467330154,1.2713989079534866,1.2681681902235686,1.050857984375,0.07748501092822165,1.313725,0.980392,0.333333,0.0737349975737264,1.053710790607762,0.053251414550781265,2.1975111359310255,4.151078740786524,1.019608,1.019608,1.058824,0.03921599999999992,1.002714740026892,1.2501451381000266,1.2467605074465131,1.0514707343750003,0.06635777912226128,1.27451,0.980392,0.294118,0.06310948745682844,1.0535625563283564,0.049479180664062594,1.69437305976281,1.902081236304415,1.019608,1.019608,1.058824,0.03921599999999992,1.0019894247980183,1.2121212301335,1.2097145939218275,1.0707721875000002,0.08236285556625231,1.333333,0.980392,0.35294100000000006,0.07691912110506913,1.0739351551656007,0.06190626953125013,1.6556615300098412,2.098655408618458,1.019608,1.039216,1.0833329999999999,0.06372499999999981,1.0029539127953866,1.2452069782583888,1.2415395786111503,1.0667893593750004,0.08431639113674144,1.411765,0.980392,0.4313729999999999,0.07903752544564174,1.0701162512036004,0.05815320654296893,2.277650514261434,5.316247856730583,1.019608,1.039216,1.058824,0.03921599999999992,1.0031186023739018,1.3233774667822993,1.3192632094056456,1.0762868906250003,0.09631543974279207,1.470588,0.980392,0.49019599999999997,0.08948863038447086,1.0805878654066399,0.06976662060546887,2.0878748258426936,4.564940351734127,1.019608,1.039216,1.078431,0.05882299999999985,1.0039961229845902,1.3663531655077847,1.3609147826647099,1.051164375,0.06876881786339013,1.352941,1.0,0.35294099999999995,0.06542156440888718,1.0534114550257505,0.04253790234374998,2.7958926981857712,8.522090238076945,1.019608,1.039216,1.058824,0.03921599999999992,1.0021377056521257,1.2870879494941028,1.2843424034789213,1.050245171875,0.06879138948810987,1.294118,0.980392,0.31372600000000006,0.06550031490770557,1.0524956894517208,0.05350027294921876,1.570970567443017,1.8249627684312024,1.0,1.019608,1.078431,0.07843099999999992,1.0021428497240343,1.232205616989045,1.2295708314721443
9.0,1.0149999999999997,0.04153311931459039,1.16,0.96,0.19999999999999996,0.04091932937398069,1.0158493982869707,0.032968749999999936,0.9863567338383474,1.3785186821667246,1.0,1.0,1.04,0.040000000000000036,1.000836845602927,1.1428571428571432,1.1419015475680852,1.022569421875,0.04658110830912459,1.222222,0.962963,0.2592589999999999,0.045553003358649924,1.0236298267465043,0.03399880859375001,2.086979101759429,5.954381729559214,1.0,1.0,1.037037,0.03703699999999999,1.0010370003726101,1.1952459890291982,1.1940078024931133,1.0105846562499998,0.04074555704468691,1.129032,0.935484,0.19354800000000005,0.04031879644391436,1.0114057286108342,0.03406936230468745,0.6370454038867325,-0.13754937638728393,0.967742,1.0,1.032258,0.0645159999999999,1.000812472617466,1.1172067505848797,1.1162997875745924,1.00439453125,0.03658852718619968,1.125,0.96875,0.15625,0.036428441262682035,1.0050607418094504,0.0269622802734375,1.3341033374441205,1.958874801855658,0.96875,1.0,1.03125,0.0625,1.000663295685831,1.1200777831793876,1.1193353328820885,1.0433034062500002,0.04656363138179799,1.228571,0.971429,0.2571420000000001,0.0446309588398298,1.0443419790759698,0.03408217089843761,1.6461942935131755,3.5305728537500682,1.028571,1.028571,1.057143,0.028572000000000042,1.0009954657674345,1.177577867224566,1.176406794532032,1.0156249843749998,0.041597849885650726,1.189189,0.945946,0.2432430000000001,0.04095788359445431,1.0164765073536275,0.029890700683593712,1.771793887556621,4.582529087069187,1.0,1.0,1.027027,0.027026999999999912,1.0008384226380092,1.1708938026291358,1.1699129211515429,1.0190547968750003,0.04278474667528271,1.219512,0.97561,0.24390199999999995,0.04198473605784988,1.019952554573994,0.030154159179687515,2.1935554072584127,7.31250076224616,1.0,1.0,1.0304875,0.0304875,1.0008809709759934,1.196708953963727,1.195655616068687,1.0186013749999996,0.026442633708121346,1.119048,0.97619,0.14285800000000004,0.025959746724395848,1.018944539231313,0.0192524531250001,1.3606508736844276,3.0471590791574483,1.0,1.02381,1.02381,0.02381000000000011,1.0003368974750435,1.098612300616618,1.09824230555689,1.0230977656249995,0.034984745343837956,1.152174,0.978261,0.17391299999999998,0.034194919116518785,1.02369574114267,0.027555980957031104,1.3012573412583013,2.1017035362968226,1.0,1.0108695,1.043478,0.043477999999999906,1.0005844754409223,1.1261621701384024,1.1255043404927327,1.0061849374999998,0.024891078233397073,1.083333,0.958333,0.1250000000000001,0.024738074786969346,1.0064927690885315,0.019643044921874964,0.9191275279261066,1.1678324694920512,0.979167,1.0,1.020833,0.04166600000000009,1.000305939372633,1.076673839594225,1.076344543419874,1.0211397968750004,0.039262399919555525,1.196078,0.980392,0.21568599999999993,0.038449583533724234,1.0218943295709983,0.0271332333984376,2.36555472282748,8.125258949461834,1.0,1.019608,1.039216,0.03921599999999992,1.0007389122413082,1.1713166048961796,1.1704517437748438,1.0082547499999999,0.02537443497769951,1.113208,0.962264,0.15094399999999997,0.025166690241429077,1.0085739947311747,0.018241523437499987,1.7153364843550685,4.446778067399665,1.0,1.0,1.018868,0.018868000000000107,1.0003166310212521,1.1040939802168055,1.1037445004684208,1.0214843281249997,0.03460611338832287,1.196429,0.982143,0.21428599999999998,0.03387826169770477,1.0220703575042316,0.0242919619140624,2.198715313702131,8.893135509970794,1.0,1.017857,1.035714,0.035714000000000024,1.0005737037398388,1.171265155086738,1.1705935811713888,1.0252194375000008,0.022337252914046844,1.087719,0.982456,0.1052630000000001,0.021787777423062003,1.0254627481754575,0.01771525976562508,0.5618276574285048,0.7122316927203185,1.017544,1.017544,1.035088,0.017544000000000004,1.00023732546083,1.0609621318265332,1.060710398242463,1.01767409375,0.024125441826730556,1.098361,0.983607,0.11475399999999991,0.023706451775569293,1.0179600178952115,0.01815450390624993,0.9764863139833968,1.2273531478986355,1.0,1.016393,1.032787,0.0327869999999999,1.0002809584590662,1.0792856050336104,1.0789824557854735,1.0224293906249997,0.02107158085744366,1.096774,1.0,0.09677399999999992,0.020609326228936787,1.0226465031151482,0.016050245117187396,1.3863514533973698,2.448207465974221,1.0,1.016129,1.032258,0.0322579999999999,1.0002123496176256,1.07271368571433,1.072485943734269,1.1510416250000004,0.12916249153228704,1.416667,0.833333,0.5833339999999999,0.11221357136609807,1.1582658467301314,0.10351576562499988,-0.01329840251991553,-0.2251844876507736,1.083333,1.166667,1.25,0.1666669999999999,1.006276247160159,1.2307695649147348,1.2230931301301455,1.0621996093750004,0.07607261605339195,1.346154,0.980769,0.36538500000000007,0.07161800416981247,1.064920209719775,0.05575787597656266,1.8008463922705837,3.040071311517943,1.019231,1.038462,1.076923,0.05769200000000008,1.002561289159554,1.2673267699581239,1.2640890723204787,1.0438702656250003,0.07551819605694424,1.307692,0.980769,0.3269230000000001,0.07234442683519579,1.0465983610687069,0.05078117968750015,2.1800657385219666,4.090482165423805,1.0,1.019231,1.0432695,0.04326950000000007,1.0026134430048863,1.2527342171366869,1.2494688016372242,1.050781328125,0.07085169710323078,1.25,0.980769,0.269231,0.06742763237871535,1.053167300346221,0.054800107421874994,1.408751106116102,0.8439576011279692,1.0,1.019231,1.057692,0.05769200000000008,1.0022706648446813,1.1895909896214878,1.1868959467209736,1.0378606406249997,0.07338380721831778,1.307692,0.980769,0.3269230000000001,0.070706802383532,1.0404517732794687,0.05019909716796862,2.291645734337384,4.854193142290145,1.0,1.0096155,1.038462,0.038461999999999996,1.0024966094223484,1.2599880454205372,1.2568501814151358,1.0530026093750002,0.07415413968860257,1.313725,0.980392,0.333333,0.07042161057190167,1.0556104071974262,0.050886582519531355,2.1531615500737877,4.1785012279036335,1.019608,1.019608,1.058824,0.03921599999999992,1.0024765350049547,1.2475989976698625,1.2445169079829845,1.0557599531250004,0.07239467377884008,1.333333,0.980392,0.35294100000000006,0.06857114968658852,1.058239135268606,0.0514514340820314,1.9029805324766687,3.2066718557010354,1.019608,1.029412,1.058824,0.03921599999999992,1.002348244159354,1.2629130287177464,1.259954348278349,1.0579045625000003,0.07915030984775796,1.313725,1.0,0.31372500000000003,0.07481800594631421,1.0608613646029876,0.056889558593750104,1.9384297145149652,2.7791449367637417,1.019608,1.019608,1.058824,0.03921599999999992,1.0027949611031073,1.2418180680641497,1.2383569086726456,1.0560662812500003,0.07457318637345228,1.333333,0.980392,0.35294100000000006,0.07061411551288677,1.0586959669891514,0.05416085058593765,1.9576080298599723,3.3214050203014054,1.019608,1.019608,1.058824,0.03921599999999992,1.0024900764145583,1.2625467015401877,1.2594106727277852,1.0585173125000003,0.07175067343801445,1.352941,1.0,0.35294099999999995,0.06778412841312355,1.0609463040140303,0.05042697070312513,2.085965320007013,4.264110011720008,1.019608,1.039216,1.058824,0.03921599999999992,1.0022947111826572,1.2781472575111987,1.2752209936367414,1.0603555468749997,0.07524979188362617,1.313725,0.980392,0.333333,0.07096656598383129,1.0630223031371966,0.053911902832031046,1.8872460867771377,2.713314034588505,1.019608,1.039216,1.058824,0.03921599999999992,1.002514964221252,1.2389476377727375,1.2358395455325146,1.0603555312500006,0.07989625769336929,1.352941,0.980392,0.3725489999999999,0.07534855559171134,1.0633613048469817,0.05692776757812534,1.9405240120139962,3.221775850609416,1.019608,1.039216,1.058824,0.03921599999999992,1.0028346846962148,1.2759314778177135,1.2723248380706207,1.0594364531250007,0.0677436314951749,1.313725,1.0,0.31372500000000003,0.0639430815273089,1.061600112009336,0.04691320800781289,2.010167724063752,3.700083010210057,1.019608,1.039216,1.058824,0.03921599999999992,1.002042273397289,1.2400224630037309,1.2374951595600876,1.0643383437500002,0.07421798378556463,1.313725,0.980392,0.333333,0.06973157006076773,1.0669228740137158,0.0557213691406251,1.6745858171210626,1.9437454895525965,1.019608,1.039216,1.078431,0.05882299999999985,1.0024282976169114,1.2343114458991788,1.2313214310026233,1.0490197968750008,0.056319221633298645,1.215686,1.0,0.21568600000000004,0.053687472630232484,1.050530527381783,0.03921569531250039,1.8922312844999494,2.6233806265949413,1.019608,1.039216,1.0441179999999999,0.02450999999999981,1.0014401353637774,1.1588780341624563,1.1572114929680632,1.0551471874999998,0.07169899109032914,1.294118,0.980392,0.31372600000000006,0.06795164877443144,1.0575804142534655,0.04959403320312489,1.9643469065658055,3.276025983288659,1.019608,1.039216,1.058824,0.03921599999999992,1.0023060543422675,1.2264810211608514,1.2236591965571753
9.0,1.0275,0.05043560250458005,1.2,0.96,0.24,0.04908574453000491,1.028737089833938,0.04093750000000003,1.048494952398771,1.2421698695513337,1.0,1.0,1.05,0.050000000000000044,1.0012039803736623,1.167883211678832,1.166478794104437,1.013310171875,0.034251208241715125,1.111111,0.962963,0.14814799999999995,0.03380130703547333,1.0138888744292245,0.027144793457031222,0.9108871439436977,0.8025073333152561,1.0,1.0,1.037037,0.03703699999999999,1.00057110110042,1.0965161811649755,1.095890316998998,1.0090725624999999,0.030426125181471822,1.096774,0.967742,0.12903199999999992,0.0301525641586076,1.0095311711303792,0.024288005859374944,0.6586010109163517,0.09484591752740945,1.0,1.0,1.032258,0.0322579999999999,1.0004544852842328,1.0869129146497827,1.0864191531321756,1.0048828125,0.030367796495051197,1.09375,0.96875,0.125,0.030220236745318197,1.005341568782409,0.022796630859375,0.8270148652211964,0.2564171639076922,0.9921875,1.0,1.03125,0.0390625,1.0004565271459542,1.08843537414966,1.087938700599702,1.0406249062499993,0.04568213883548977,1.257143,0.971429,0.2857139999999999,0.0438987559889472,1.0416271181744488,0.029492357421874883,2.7528291928197914,10.737174119185958,1.02142825,1.028571,1.057143,0.035714749999999906,1.0009630866207702,1.2080654541800717,1.2069031019500178,1.0194256562500001,0.04232249084087072,1.162162,0.972973,0.18918899999999994,0.041516015004523,1.0203038086039469,0.03283358203125,1.3329106215655586,1.8906013814430782,1.0,1.0,1.03378375,0.03378375,1.0008614187298142,1.1400164326597992,1.1390352463646622,1.01181403125,0.04067392338194429,1.170732,0.95122,0.21951200000000015,0.04019901100965711,1.012631226991177,0.030035099609374977,1.673847488902477,3.534684102169135,0.97561,1.0,1.02439,0.048779999999999935,1.0008076540905126,1.1570624283137012,1.1561286762591616,1.0171132031249999,0.027429101546748942,1.095238,0.97619,0.11904799999999993,0.026967599538060463,1.0174829844193263,0.020833515625000038,1.267373540200022,1.9761750381061276,1.0,1.011905,1.02381,0.02381000000000011,1.0003635596246223,1.0768103261613042,1.0764189836796614,1.0217390781249998,0.04313727428704521,1.26087,0.978261,0.2826089999999999,0.04221946210201406,1.0226492889552312,0.025135838378906115,3.3794322796409557,15.158029833436416,1.0,1.0108695,1.021739,0.021738999999999953,1.0008908446879625,1.2340430419024697,1.2329446796840215,1.01171878125,0.031004896864985667,1.104167,0.979167,0.12499999999999989,0.0306457658388811,1.012193754161521,0.022542244140624987,1.7254592948441003,2.84856470189831,1.0,1.0,1.020833,0.0208330000000001,1.0004694712802842,1.0913773871389223,1.090865257229993,1.0257353750000002,0.037312091924276015,1.196078,0.980392,0.21568599999999993,0.03637594338040258,1.026413781927229,0.02703742968750003,1.8503883687301292,5.668635500930976,1.0,1.019608,1.039216,0.03921599999999992,1.0006613859127444,1.166068782603895,1.1652980708756695,1.0129717343750002,0.033499769436819544,1.150943,0.981132,0.16981100000000005,0.033070784011055135,1.013525514821909,0.024837934570312567,1.8272580353528431,4.329008650776369,0.995283,1.0,1.018868,0.023585000000000078,1.0005466889431525,1.1362044575805736,1.1355836465569764,1.0259485312499996,0.031870339319052185,1.160714,0.982143,0.17857100000000004,0.03106426721058011,1.0264434262551168,0.022443412109374936,1.8857838903472892,5.29050851056392,1.0,1.017857,1.035714,0.035714000000000024,1.0004823780043957,1.1313569488576627,1.1308114702772825,1.0290570937500003,0.039984280364569046,1.22807,1.0,0.22807,0.038855259448104876,1.029833600575097,0.02497943554687511,3.1704045311448033,12.399883370651647,1.0,1.017544,1.035088,0.03508800000000001,1.000754580897224,1.1933934545116192,1.1924936216046946,1.0253584999999998,0.028678196034291423,1.114754,0.983607,0.131147,0.02796894552909195,1.025759471050612,0.022148828124999922,1.157399174741808,1.5246021307239808,1.0,1.016393,1.032787,0.0327869999999999,1.0003910544951957,1.0871846285957547,1.086759646350852,1.0246975312499995,0.0211392893498758,1.096774,1.0,0.09677399999999992,0.020629784600035662,1.0249155575480657,0.0164282685546874,1.2736700943167867,2.4931930925690287,1.016129,1.016129,1.032258,0.016128999999999838,1.0002127713704942,1.0703392626135015,1.0701115735074245,1.1744792031250004,0.14487686894773566,1.75,0.833333,0.916667,0.12335413735914091,1.183381048407162,0.10327140380859393,0.7112360513774606,3.096867210223846,1.083333,1.166667,1.25,0.1666669999999999,1.007579397965052,1.4900221266955431,1.4788136098305025,1.0546876250000006,0.06270474627059242,1.307692,0.980769,0.3269230000000001,0.05945338201023491,1.0565499853452274,0.04302492578125018,2.0316407200134363,4.258102181197181,1.019231,1.038462,1.057692,0.03846100000000008,1.0017657933032322,1.239885601198743,1.2377000786883852,1.04777659375,0.07540502962806898,1.326923,0.961538,0.36538500000000007,0.07196670557241008,1.050486415382685,0.04818949609375007,2.4617084012289365,5.842248955003854,1.019231,1.019231,1.038462,0.019230999999999998,1.0025862589876973,1.266417868002694,1.2631510322926083,1.0486779375,0.0642298095298911,1.230769,0.961538,0.269231,0.061248365425720715,1.0506430816559447,0.04978579101562498,1.3540429944935644,0.7223845148146153,1.0,1.019231,1.057692,0.05769200000000008,1.0018739253355797,1.173638689237705,1.1714434915995966,1.0339543593749998,0.06997981409493363,1.288462,0.961538,0.326924,0.06768172449820195,1.0363198307720103,0.04849015039062493,2.074160093070881,4.059579249476333,1.0,1.0,1.038462,0.038461999999999996,1.0022877909218744,1.246149782451562,1.2433053597364392,1.0572917968750002,0.08057014749683575,1.294118,0.980392,0.31372600000000006,0.07620426805066877,1.0603572475382195,0.05845970800781257,1.7663932610282964,1.999775872577489,1.019608,1.019608,1.058824,0.03921599999999992,1.0028993421421406,1.2239932285722623,1.2204547127908936,1.0530026250000006,0.060602108131777264,1.313725,0.980392,0.333333,0.05755171610495959,1.0547450610298712,0.041810277343750216,2.087392483014522,4.940149559085284,1.019608,1.039216,1.058824,0.03921599999999992,1.0016547309460606,1.2475989791573399,1.2455379489686886,1.0606619375000006,0.073178786745177,1.352941,1.0,0.35294099999999995,0.06899350693931822,1.063183371056353,0.05122159179687529,2.0949050170945482,4.587679391496995,1.019608,1.039216,1.058824,0.03921599999999992,1.0023772263972208,1.2755628840504132,1.2725377736634,1.0560663281250002,0.0656630885434443,1.235294,1.0,0.2352939999999999,0.06217704967454672,1.0581057275133166,0.046712232910156304,1.6873445454446425,1.8322738479519618,1.019608,1.039216,1.058824,0.03921599999999992,1.0019311281251975,1.1697125143580807,1.1674580033727806,1.0560662656250002,0.07513494511382547,1.333333,0.980392,0.35294100000000006,0.07114605168204968,1.0587356692623475,0.05511829443359376,1.7791846449964615,2.7786559394672903,1.019608,1.019608,1.058824,0.03921599999999992,1.002527685737379,1.2625467202201637,1.2593634452015512,1.0447305,0.06329688575968806,1.254902,0.980392,0.2745099999999999,0.060586807563948845,1.0466462216896049,0.04503675000000003,1.792350447343392,2.447697115925613,1.0,1.019608,1.0441179999999999,0.04411799999999988,1.0018336993986534,1.2011729340724713,1.1989743754811506,1.0698530781250002,0.08588046184401184,1.352941,0.980392,0.3725489999999999,0.08027313619036733,1.0732944901098107,0.0618871171875001,1.8852772529533537,2.640931956097746,1.019608,1.039216,1.06372575,0.044117749999999845,1.0032167145706044,1.2646044841700443,1.2605496557255018,1.0517771250000003,0.06116335360187604,1.27451,0.980392,0.294118,0.05815239003403504,1.0535540216320634,0.04388790625000004,1.8650137026763478,3.445473011857202,1.019608,1.029412,1.058824,0.03921599999999992,1.0016894231580318,1.2117681300589225,1.2097243936534485,1.0683212343750004,0.07601914737085615,1.313725,1.0,0.31372500000000003,0.07115757407492664,1.0710224883649813,0.056209640136718995,1.8650638310714,2.538488414405614,1.019608,1.039216,1.058824,0.03921599999999992,1.0025285035091165,1.2297097143899496,1.226608231173117,1.0530026250000004,0.06780665451337996,1.254902,0.980392,0.2745099999999999,0.06439362343790922,1.0551835246312313,0.046597355468750205,1.9217384411556875,2.613682404449433,1.019608,1.039216,1.058824,0.03921599999999992,1.0020711245911955,1.1917368202192273,1.18927368624199,1.0579045156250002,0.07282580394037715,1.254902,0.980392,0.2745099999999999,0.06883967585425452,1.0604082053149761,0.05694695898437509,1.4396010986825727,0.7293313148089235,1.019608,1.019608,1.06372575,0.044117749999999845,1.0023666499698196,1.1862148062187026,1.1834140793235872
9.0,1.0287499999999998,0.04608077147791693,1.2,0.96,0.24,0.044792973490077215,1.0297815302286208,0.03425781250000007,1.07900940331937,2.5885934521273795,1.0,1.04,1.04,0.040000000000000036,1.0010027025308588,1.1664641555285542,1.1652957105703663,1.0069444375000003,0.040822163086472935,1.111111,0.925926,0.18518499999999993,0.04054063120684643,1.0077715759095662,0.029875548828125126,0.9781230260312334,0.8654168055248626,0.9907407500000001,1.0,1.037037,0.04629624999999993,1.0008214340124064,1.1034481731272283,1.102542507211681,1.0080645,0.03373622391992023,1.16129,0.935484,0.22580599999999995,0.033466334664022226,1.0086288559051961,0.024697531249999953,1.4059748785854491,5.435967364206376,1.0,1.0,1.032258,0.0322579999999999,1.000559841066912,1.1519996984319951,1.151355122551791,1.01123046875,0.05366430859489176,1.21875,0.9375,0.28125,0.05306832641349026,1.0126534051418148,0.0353240966796875,2.283232458454847,5.783057194710239,0.96875,1.0,1.03125,0.0625,1.0014071336216497,1.2052148720424916,1.2035213566771377,1.0406248593749996,0.051952878078621395,1.342857,0.971429,0.371428,0.0499246943897,1.0419209180594713,0.032784721679687406,3.370694533203498,17.307039866961972,1.0,1.028571,1.057143,0.057142999999999944,1.0012454619671973,1.2904333275360358,1.288828141104037,1.016469578125,0.04979343980661654,1.216216,0.945946,0.27027,0.04898665034173134,1.017688454243926,0.03358579833984372,2.209382217276469,5.796893539682398,1.0,1.0,1.027027,0.027026999999999912,1.0011991270030671,1.196509985319439,1.1950769362943856,1.0236279687500003,0.05654119870086129,1.292683,0.95122,0.34146300000000007,0.05523608227499526,1.0251883366278518,0.03503696777343751,2.774886725052002,10.180012487731926,1.0,1.0,1.04878,0.048780000000000046,1.0015243505702145,1.2628445484725817,1.2609224606007687,1.0204614687499995,0.030018975979770258,1.142857,0.97619,0.166667,0.029417059731360162,1.0209029082739853,0.020984676757812615,1.517825170378732,3.8002689630387803,1.0,1.02381,1.02381,0.02381000000000011,1.0004325881353722,1.1199413549635806,1.119457091107909,1.019701046875,0.03913769802386412,1.130435,0.978261,0.15217400000000003,0.03838154147610855,1.020451853055585,0.03167449023437499,1.0980481392893857,0.6574509179938368,1.0,1.0,1.043478,0.043477999999999906,1.0007363002939793,1.1085945272532158,1.1077788693460524,1.0100911250000002,0.025246225208248943,1.104167,0.958333,0.1458339999999999,0.024994007553772873,1.0104065779135798,0.01948030078125005,0.9276353014577422,2.2280880502159643,1.0,1.0,1.020833,0.0208330000000001,1.0003123014407038,1.0931360277024509,1.0927947463287788,1.0235907343750004,0.05338184649422096,1.333333,0.960784,0.37254900000000013,0.05215155305876783,1.0249817622931077,0.03170960156250016,3.5586932129606987,17.32534305073757,1.0,1.009804,1.02451,0.024510000000000032,1.0013589688450597,1.3026036239123704,1.3008358285488353,1.0170991093750004,0.0352543797700713,1.169811,0.981132,0.18867899999999993,0.034661695645112546,1.0177099142606356,0.02642255371093755,1.7586372149049962,4.714854471748953,1.0,1.0,1.037736,0.03773599999999999,1.0006005362506025,1.150144552499746,1.149454263546077,1.0223213281249999,0.033258104316868535,1.160714,0.982143,0.17857100000000004,0.03253194803033792,1.0228621605289812,0.02441397216796871,1.675717258623588,4.368553736307812,1.0,1.017857,1.035714,0.035714000000000024,1.000529023888187,1.1353710111172393,1.1347706903144483,1.0304277031250004,0.03539366870937146,1.157895,0.982456,0.1754389999999999,0.034348522076835,1.031035384044685,0.025716147460937592,1.7301657987074786,3.1200293822247698,1.0,1.017544,1.035088,0.03508800000000001,1.000589736589808,1.1237032898945036,1.1230409915299442,1.024333921875,0.031076333786392338,1.131148,0.983607,0.14754100000000003,0.03033808909648176,1.0248052117477848,0.02374177246093747,1.399010832058432,1.9767905421241458,1.0,1.016393,1.032787,0.0327869999999999,1.0004600939817772,1.104276619024274,1.1037687816505632,1.0241934999999998,0.025342298287028938,1.112903,0.983871,0.12903199999999992,0.024743662488610742,1.0245069826627435,0.01839714062499988,1.670813408951533,3.7774464186652175,1.016129,1.016129,1.032258,0.016128999999999838,1.0003060775749346,1.0866140040920005,1.0862815176793728,1.096354203125,0.18412398026781265,1.75,0.666667,1.083333,0.16794205717731892,1.1117077758203888,0.1502279404296875,0.22446717109866596,1.1831015799815656,0.916667,1.166667,1.25,0.333333,1.0140042083585996,1.59619947186035,1.574154681709032,1.0588942968750004,0.07250484341745725,1.326923,0.980769,0.3461540000000001,0.068472220155905,1.0613736779633227,0.051194316894531466,1.7919610585862211,2.692199763724405,1.019231,1.038462,1.057692,0.03846100000000008,1.0023414811994356,1.2531213020185337,1.2501939962805952,1.045072234375,0.06620133632991816,1.288462,0.980769,0.307693,0.06334618235217924,1.0471669360677036,0.047175414062500046,1.7813721916020275,2.6899412662712114,1.0,1.019231,1.0432695,0.04326950000000007,1.0020043606784332,1.2328927681927726,1.230426549599056,1.0558895000000001,0.08476539737176807,1.288462,0.980769,0.307693,0.08027866303412247,1.0592864621063764,0.06411500000000005,1.5811884783406742,1.22834018047529,1.0,1.019231,1.057692,0.05769200000000008,1.00321715682027,1.220262158114083,1.2163489727206662,1.0300480937499998,0.06484816526334773,1.230769,0.961538,0.269231,0.06295644412802229,1.0320873800100607,0.04525997558593743,1.8690413603628362,2.5133586157643917,1.0,1.0,1.038462,0.038461999999999996,1.0019797971302842,1.1948655674117645,1.1925046501275915,1.0588236718750001,0.08224484575378697,1.372549,1.0,0.372549,0.07767567720519987,1.0620130803224235,0.05514704882812505,2.2781797521449114,5.017775360634308,1.019608,1.039216,1.058824,0.03921599999999992,1.0030122186839432,1.2962961033629372,1.292403102590129,1.0591300781250006,0.0698844848386662,1.294118,0.980392,0.31372600000000006,0.06598291020342291,1.0614331649285482,0.0476695620117191,1.8594899078947764,2.952705350009807,1.019608,1.039216,1.058824,0.03921599999999992,1.002174507976985,1.2218688022636497,1.2192176038583789,1.0566790312500005,0.07410854234435643,1.313725,0.980392,0.333333,0.07013344653644692,1.0592745872208227,0.053423667968750185,1.820776174688317,2.699411486107973,1.019608,1.039216,1.058824,0.03921599999999992,1.0024563333747163,1.243258322677158,1.2402119486759038,1.05974278125,0.07429573924283712,1.313725,1.0,0.31372500000000003,0.07010733222943304,1.0623439270222828,0.05226513378906247,2.008461239186336,3.64149126379479,1.019608,1.039216,1.058824,0.03921599999999992,1.0024545067145583,1.239664023425024,1.2366287099530286,1.0545344375,0.07191595124776627,1.294118,0.980392,0.31372600000000006,0.06819687313224065,1.0569838144064994,0.051432253906250086,1.8019232401121672,2.282168153773495,1.019608,1.029412,1.058824,0.03921599999999992,1.0023227092633467,1.2271936828046928,1.2243498740107506,1.0621937187500001,0.08942241880036797,1.313725,0.980392,0.333333,0.08418654452749084,1.0659511551361363,0.06827313183593751,1.6726321660736534,1.5825668114210236,1.019608,1.019608,1.0441179999999999,0.02450999999999981,1.0035374304327067,1.2368035856453796,1.2324439010830845,1.0542280937500004,0.06763474802933185,1.313725,1.0,0.31372500000000003,0.06415570636971732,1.0563954433793956,0.04655901269531265,2.0982082218226394,3.995096497191729,1.019608,1.039216,1.058824,0.03921599999999992,1.0020558640414199,1.246148729851186,1.243592073624826,1.0563727500000002,0.05408841366457328,1.196078,1.0,0.19607799999999997,0.051202015258887804,1.0577565615184397,0.03990503906250005,1.4643159324484882,0.9885836079822825,1.019608,1.039216,1.058824,0.03921599999999992,1.0013099651789006,1.1322499562772703,1.130768688669722,1.063419234375,0.06772344350157256,1.313725,1.0,0.31372500000000003,0.06368461403782624,1.0655735229623633,0.04902900048828125,1.7894065796722196,2.6606285432712706,1.019608,1.039216,1.078431,0.05882299999999985,1.0020258130732698,1.2353782567908052,1.232880671009692,1.0701594218750003,0.08957338920610795,1.313725,0.980392,0.333333,0.0837009770461756,1.07390156917741,0.06847413281250017,1.5933269567144817,1.3119046942904165,1.019608,1.039216,1.06372575,0.044117749999999845,1.0034968129289121,1.2275974711302866,1.2233197508094624,1.0533089531250006,0.06822962008871902,1.294118,0.980392,0.31372600000000006,0.06477645508119205,1.0555164763236693,0.046779215332031526,2.067373635487511,4.001827704248582,1.019608,1.039216,1.058824,0.03921599999999992,1.0020957983810157,1.2286214753615805,1.2260519177373455
9.0,1.0331249999999996,0.049776845771904873,1.24,0.96,0.28,0.04818085495163208,1.0343234503771053,0.03833984375000005,1.3321932388078015,3.297410523931527,1.0,1.04,1.05,0.050000000000000044,1.0011600245634416,1.2002419842710228,1.1988512873298065,1.015624984375,0.049346107428642545,1.259259,0.962963,0.2962959999999999,0.04858693729261631,1.0168230658305695,0.03573491796874999,2.1408407728168126,8.10331381132973,1.0,1.0,1.037037,0.03703699999999999,1.0011796494513245,1.2398858036905507,1.2384248964409574,1.0166330312499998,0.04632428348878182,1.225806,0.935484,0.29032199999999997,0.04556637652410709,1.017687898851761,0.03383309765624994,1.686230893831634,5.7715981115394355,1.0,1.0,1.032258,0.0322579999999999,1.0010376090185307,1.2057507107484122,1.2045009097416357,1.01513671875,0.05440557562921192,1.25,0.96875,0.28125,0.053594333279762395,1.0165935886154616,0.0369110107421875,2.4013068500141577,7.006242984660349,0.9921875,1.0,1.03125,0.0390625,1.0014351464571742,1.2313612313612314,1.2295965801854247,1.0410713125,0.0384240533564569,1.171429,1.0,0.17142900000000005,0.036908185726668846,1.0417801522330963,0.030915308593750024,1.0837362182457249,1.2193779288293518,1.0,1.028571,1.057143,0.057142999999999944,1.0006808752912364,1.1252149453498654,1.124449335581021,1.0156249843749998,0.03303376647059992,1.135135,0.972973,0.16216200000000003,0.032525555179137695,1.0161620631641166,0.025179451171874964,1.3918374472090798,2.7257347043503897,1.0,1.0,1.027027,0.027026999999999912,1.0005288160466506,1.1176714018103295,1.1170806716257704,1.012195109375,0.044807618569598875,1.219512,0.95122,0.268292,0.04426776829347282,1.013186390613567,0.031249810546874972,2.291897655107108,7.902164791227658,0.97561,1.0,1.02439,0.048779999999999935,1.0009793381032823,1.204819099306864,1.2036403284705453,1.0208334687499996,0.028701510519357216,1.095238,0.97619,0.11904799999999993,0.02811576167707543,1.0212368714584534,0.022786676757812603,0.4658903023360374,-0.337976180379298,1.0,1.02381,1.047619,0.04761900000000008,1.0003951699476976,1.0728860617600127,1.0724622569060434,1.010529859375,0.027709900691058928,1.086957,0.978261,0.1086959999999999,0.0274211597351484,1.0109097067912471,0.022715591796874976,0.8238943056677895,0.32856582560493885,0.99456525,1.0,1.021739,0.027173749999999997,1.0003758893542067,1.0756307593644676,1.0752265931347482,1.010742171875,0.027310697348151593,1.125,0.979167,0.145833,0.027020439146699764,1.0111110780701764,0.020253365722656284,1.6912867803946843,4.184142350894507,1.0,1.0,1.020833,0.0208330000000001,1.0003649854586476,1.113043495467339,1.112637398995958,1.0137868750000003,0.02099283646233576,1.058824,0.980392,0.07843199999999995,0.020707346859600795,1.0140042046781663,0.01807612499999999,0.3130919330618263,-0.7246756797128118,1.0,1.009804,1.039216,0.03921599999999992,1.0002143741288483,1.0444246479320416,1.0442007982955643,1.012087265625,0.031530979827505634,1.132075,0.962264,0.16981099999999993,0.03115440821996128,1.0125783110106454,0.02003797998046877,2.5670416736316373,7.878925610825109,1.0,1.0,1.018868,0.018868000000000107,1.0004851808755268,1.1185547318401474,1.1180122936566614,1.0220423281249997,0.026923424440934495,1.125,0.982143,0.142857,0.02634276849406736,1.0223968853937284,0.0197056074218749,1.4655699217677582,2.858177717305681,1.0,1.017857,1.035714,0.035714000000000024,1.0003469105525005,1.100737189685561,1.100355464763333,1.0249453125000005,0.02457800573866488,1.140351,1.0,0.1403509999999999,0.023979821595276448,1.025239958244806,0.017852304687500205,2.0673753885721755,6.6608392990562555,1.017544,1.017544,1.035088,0.017544000000000004,1.0002874746010466,1.1125969220918792,1.1122771706559917,1.02049171875,0.02824593263721164,1.131148,0.983607,0.14754100000000003,0.027678747527525333,1.020882549928186,0.02215676464843746,1.2342025567567791,2.433896388627561,1.0,1.016393,1.032787,0.0327869999999999,1.0003829831942828,1.108434276552036,1.1080099273707547,1.0267136562499999,0.028826886333670098,1.129032,1.0,0.12903200000000004,0.02807685098779955,1.0271182606233509,0.021815102539062443,1.6801696480209483,3.461175676495695,1.0,1.016129,1.03629025,0.03629024999999997,1.0003940771323028,1.0996561632614401,1.0992229846199,0.9830729687499997,0.21659640268206568,2.0,0.75,1.25,0.22032586549243957,1.0066511131180205,0.13403314648437495,3.061271434746295,11.38349533474194,0.8958335,0.916667,1.0,0.10416650000000005,1.0239841243910928,2.0344369783079754,1.9867856638087467,1.036658703125,0.06191654824986201,1.288462,0.980769,0.307693,0.05972703268994417,1.03850610287662,0.04233027246093751,2.054342191906,4.568038555881517,1.0,1.019231,1.038462,0.038461999999999996,1.0017820713278642,1.2428989368592969,1.2406879424502295,1.0399640312499998,0.058813654493176784,1.25,0.980769,0.269231,0.05655354678227175,1.0416257640096054,0.041362954101562384,1.773751443764803,2.779759721443983,1.0,1.019231,1.038462,0.038461999999999996,1.0015978752242116,1.2019646472749104,1.2000471217112416,1.035757296875,0.057478297318063774,1.211538,0.961538,0.25,0.05549398251065425,1.0373509207073521,0.039888871093749986,1.6423858384926537,2.052839254839875,1.0,1.019231,1.038462,0.038461999999999996,1.0015386073910948,1.1697122517556486,1.1679152886603432,1.0426683437500002,0.06418480079334853,1.230769,0.980769,0.25,0.06155821376767344,1.0446420265867395,0.04790780761718759,1.4416335780885892,1.0830219262813259,1.0,1.019231,1.038462,0.038461999999999996,1.0018929152770102,1.1804031525245007,1.1781729709089066,1.05514721875,0.06333540210914547,1.313725,0.980392,0.333333,0.060025180357464195,1.057046369085192,0.04430912402343749,1.8252500968562593,3.8793745839671887,1.019608,1.039216,1.058824,0.03921599999999992,1.001799891334066,1.2450632259224728,1.2428262736827218,1.0588236875,0.07442260304669605,1.333333,0.980392,0.35294100000000006,0.07028800349415686,1.0614359731304308,0.05147057031250004,1.9877375038996177,3.525818587903066,1.019608,1.039216,1.058824,0.03921599999999992,1.002467158282602,1.259258756430116,1.2561596118394964,1.0499388750000012,0.06630607811281801,1.313725,0.960784,0.35294100000000006,0.06315232218905881,1.052030483033153,0.041647523437500375,2.3761006160746745,6.783077855459994,1.019608,1.039216,1.058824,0.03921599999999992,1.0019921236206746,1.2512395066808042,1.2487518386466756,1.0628065156250004,0.07790717762945373,1.313725,0.980392,0.333333,0.07330325556353894,1.0656581149604882,0.05634372705078145,1.7380727129824516,2.2379911945532553,1.019608,1.039216,1.058824,0.03921599999999992,1.002683084167781,1.2360904649022058,1.23278280487613,1.0594364062500004,0.07393418470118346,1.313725,0.980392,0.333333,0.06978633570171729,1.0620130708024944,0.051183247070312694,1.8968578795929538,3.2754600612986646,1.019608,1.039216,1.058824,0.03921599999999992,1.002432108748853,1.2400225178688016,1.2370139653811447,1.06525746875,0.1008812448415476,1.627451,0.960784,0.666667,0.09470127908131373,1.0700235980054076,0.06295945312500002,3.293247946871747,14.607326996000893,1.019608,1.039216,1.06372575,0.044117749999999845,1.0044741570889901,1.527753663074235,1.5209486996676267,1.0787378437500001,0.19865008365026401,2.568627,0.980392,1.588235,0.18415047251860536,1.096876105707776,0.08259603222656256,6.76678966614097,50.422751116091355,1.019608,1.039216,1.06372575,0.044117749999999845,1.0168143372950764,2.38114108528048,2.3417658445048857,1.0511643906250006,0.061579324051283954,1.313725,0.980392,0.333333,0.058582011149245806,1.0529665660735108,0.04056564990234396,2.1969452686409268,5.512154085066828,1.019608,1.039216,1.058824,0.03921599999999992,1.0017144563348828,1.2497807305086566,1.2476417032867926,1.0631129218750004,0.06535142839613967,1.333333,0.980392,0.35294100000000006,0.06147176565296571,1.065119661752151,0.04503663281250019,2.0681034546321224,4.749797301281583,1.019608,1.039216,1.06372575,0.044117749999999845,1.001887607455294,1.2541781522591369,1.2518152165237761,1.0802697031250004,0.15360110869296717,2.137255,0.980392,1.156863,0.14218774093972128,1.0911351575682477,0.080748245605469,5.336000926177402,35.027598985467165,1.019608,1.039216,1.078431,0.05882299999999985,1.0100580942072297,1.9784457472216026,1.9587445104080246,1.0784315312500004,0.19607844687514173,2.54902,0.980392,1.568628,0.18181816943711665,1.0961119125906753,0.07843133203125024,6.7875055732099,50.46483657702356,1.019608,1.039216,1.058824,0.03921599999999992,1.016394533012385,2.3636363794421458,2.325510717218059
9.0,1.0231249999999998,0.041716116489913115,1.16,0.96,0.19999999999999996,0.04077323542080696,1.0239750973534467,0.03404296875000001,0.8451201810616039,0.9379633662825055,1.0,1.0,1.04,0.040000000000000036,1.0008308831799115,1.1337813072693954,1.1328400495267135,1.0162036875,0.0423680252655507,1.185185,0.962963,0.22222199999999992,0.041692453773496764,1.0170865174868362,0.03233503710937499,1.440155476282152,3.1520917869746574,1.0,1.0,1.037037,0.03703699999999999,1.0008687529849534,1.166286852309813,1.165274516595231,1.006048375,0.0418558426833623,1.16129,0.967742,0.19354799999999994,0.04160420485084756,1.006918688081056,0.029485828124999974,1.9263570335283868,4.933045236523895,0.967742,1.0,1.032258,0.0645159999999999,1.000865080748285,1.154308310472645,1.1533106036726148,1.00830078125,0.041429160635380345,1.21875,0.96875,0.25,0.041088097327486174,1.0091515450220112,0.0282745361328125,2.418610295164036,9.442243669256179,0.96875,1.0,1.03125,0.0625,1.0008437599056073,1.2087167070217917,1.2076977001243328,1.0343748437499998,0.036484510131106845,1.171429,0.971429,0.20000000000000007,0.035272039291710446,1.0350180852827378,0.02530705664062494,1.774324505924578,4.649189116288439,1.0,1.028571,1.057143,0.057142999999999944,1.000621865019847,1.1324995064198653,1.1317956822754442,1.00591215625,0.028454161626760968,1.108108,0.945946,0.16216200000000014,0.02828692490687948,1.0063145161456266,0.021457959960937474,0.9431703505049023,1.8822444794195778,1.0,1.0,1.027027,0.027026999999999912,1.000399995062319,1.1015951970706688,1.101154740611575,1.0137194531249998,0.038774497684903084,1.146341,0.95122,0.1951210000000001,0.03824973227590008,1.01446073916873,0.028391572265624963,1.4483982191140794,3.2992925147956678,1.0,1.0,1.02439,0.024389999999999912,1.0007312536436437,1.1308266764203518,1.1300003595401193,1.0182292968749997,0.026865798118658052,1.119048,0.97619,0.14285800000000004,0.026384821376786768,1.018583659854756,0.020635881347656305,1.2822726478353033,2.5904892423925805,1.0,1.02381,1.02381,0.02381000000000011,1.000348018840986,1.0990137520442775,1.0986314076151287,1.02241840625,0.03745043956964938,1.195652,0.978261,0.2173909999999999,0.03662926972041627,1.0231040674646688,0.027428589843749962,2.0726624060273666,6.483018756939447,1.0,1.0,1.043478,0.043477999999999906,1.0006706268299528,1.1694351282127067,1.1686513992295215,1.0039063124999996,0.027774299804897776,1.104167,0.979167,0.12499999999999989,0.027666226877020247,1.0042904440484335,0.0183511347656248,2.0368556741365516,4.680265680401445,0.979167,1.0,1.0,0.02083299999999999,1.0003826368493265,1.099870561875763,1.0994498718408094,1.0269609062500002,0.030514495580337878,1.117647,0.980392,0.13725500000000002,0.02971339550963347,1.0274141508692316,0.024816269531249994,0.9011535605011195,0.5596809850004214,1.0,1.019608,1.039216,0.03921599999999992,1.0004413455434116,1.0883053027608858,1.0878251959586385,1.0085495625,0.024035808376432734,1.09434,0.981132,0.11320800000000009,0.023832054734972664,1.0088359331939212,0.018352078125000035,1.5006599067368875,3.295035041836578,1.0,1.0,1.018868,0.018868000000000107,1.0002839431046018,1.0850631844877727,1.0847551757354414,1.023158375,0.030553362939648325,1.142857,0.982143,0.16071400000000002,0.029861811901454968,1.0236144627346577,0.022521902343749983,1.7266793306530293,3.94183401487176,1.0,1.017857,1.035714,0.035714000000000024,1.0004457645520008,1.1169893419481614,1.1164916495481878,1.0301536406250005,0.031546760260250585,1.140351,1.0,0.1403509999999999,0.030623354630005456,1.0306365612454562,0.023351896972656334,1.6734763372424823,2.9772197181905655,1.013158,1.017544,1.035088,0.021930000000000005,1.0004687850446878,1.106971771034214,1.106453082376547,1.0202355156249998,0.024374388117314964,1.147541,0.983607,0.1639339999999999,0.023890942575531815,1.0205266376428903,0.016825770507812383,2.242928853739965,10.360477171671935,1.0,1.016393,1.032787,0.0327869999999999,1.000285347856874,1.1247804868829845,1.1244596247389236,1.0289817968749995,0.029102076496027123,1.129032,0.983871,0.14516099999999998,0.028282401675529773,1.029393252919643,0.02121656542968742,1.6032063376678194,3.1749498253095245,1.016129,1.016129,1.03629025,0.02016124999999991,1.0003998671753895,1.0972322381492572,1.0967936663639033,1.0273438281249996,0.2129970513481021,1.916667,0.75,1.166667,0.20732791254203767,1.0491916341019478,0.14343251806640606,2.1248168413431996,4.916070695343019,0.916667,1.0,1.0,0.08333299999999999,1.0212663038204284,1.8656529075549126,1.8268035482770169,1.0444712187499998,0.08298504705488902,1.288462,0.961538,0.326924,0.07945173171377924,1.0477626853595297,0.0620868662109374,1.5686581917234732,1.5292341598767578,0.99519225,1.019231,1.038462,0.043269749999999996,1.0031513234165217,1.233602206427481,1.2297269391282786,1.0207332031249996,0.05080087606564344,1.288462,0.961538,0.326924,0.049769005172081514,1.0219965758117096,0.031052860839843564,2.8823188216874485,11.849509791709878,1.0,1.019231,1.038462,0.038461999999999996,1.0012377109736825,1.2622906711130217,1.2607302514459535,1.0471755,0.06712970753976959,1.25,0.961538,0.288462,0.06410549859099032,1.049324985614383,0.0552508125,0.9732298007506274,-0.013047976774603676,1.0,1.019231,1.115385,0.11538500000000007,1.0020526507871725,1.1936872090685848,1.1912420052288388,1.0174279062500002,0.04993057041085862,1.288462,0.961538,0.326924,0.0490752908428578,1.0186523480941931,0.03168211621093753,3.045831362823543,13.319501992275736,0.980769,1.0,1.038462,0.057692999999999994,1.0012034679181407,1.2663914485587167,1.264869219032967,1.0618874218750007,0.06820760314767074,1.27451,0.980392,0.294118,0.06423242402404099,1.0640757369019764,0.055453382812500326,1.3027430751235407,0.5712808252203754,1.019608,1.039216,1.07352975,0.05392174999999999,1.0020607787434865,1.2002308095424714,1.19776248607143,1.0441177968750004,0.060831722869111336,1.27451,0.980392,0.294118,0.0582613600219995,1.0458883651032405,0.03921569531250019,2.3263557690204917,5.32083952334258,1.019608,1.019608,1.0441179999999999,0.02450999999999981,1.0016957552428847,1.2206572896416032,1.218590857805548,1.0664830000000007,0.07801800970809558,1.294118,0.980392,0.31372600000000006,0.07315448038843143,1.0693328757350598,0.06125531250000031,1.3407438035224801,1.073769174557711,1.019608,1.039216,1.093137,0.07352899999999996,1.0026722186242623,1.2134445649860328,1.2102106176343106,1.0373776250000002,0.04971553127591893,1.254902,0.980392,0.2745099999999999,0.047924237112708996,1.038568231220601,0.03186287499999995,2.3049171437489755,6.641313029631765,1.0,1.029412,1.0441179999999999,0.04411799999999988,1.0011477076350097,1.209686781127557,1.208300005985305,1.0569854531250007,0.06060601544631565,1.196078,0.980392,0.21568599999999993,0.05733855207480163,1.0587215579301958,0.04844515722656274,1.0458981638785432,-0.16641899166869756,1.019608,1.039216,1.06372575,0.044117749999999845,1.0016425058642597,1.131593624551567,1.1297380232233454,1.0416668281250006,0.054969760102872314,1.294118,0.980392,0.31372600000000006,0.05277096151925836,1.043116223314433,0.033164830566406546,2.7142995846722693,8.67500300451509,1.019608,1.039216,1.039216,0.019607999999999848,1.0013914191661852,1.2423530874352708,1.2406268554505129,1.0582109218750004,0.06437901285121586,1.254902,0.980392,0.2745099999999999,0.06083760006667228,1.0601674454873788,0.04942167626953137,1.4904600546293296,1.2478027593554097,1.019608,1.039216,1.06372575,0.044117749999999845,1.0018488975798054,1.1858713362894522,1.1836828279735547,1.0526961875000003,0.08425630698868239,1.45098,0.980392,0.4705879999999999,0.08003857902134026,1.0560626820621999,0.05698528125000012,2.5250398584093348,7.622307493968376,1.014706,1.019608,1.0441179999999999,0.02941199999999977,1.0031979735484695,1.3783463996823866,1.3739525358159945,1.0545344375000003,0.07149710596456751,1.294118,0.980392,0.31372600000000006,0.06779968811077115,1.056955399264676,0.05177690625000014,1.84745807699835,2.615460081666215,1.019608,1.039216,1.0441179999999999,0.02450999999999981,1.0022957635887313,1.2271936828046923,1.2243827893781687,1.0490197812500006,0.06229543811158763,1.27451,0.960784,0.31372600000000006,0.059384426514204586,1.0508678428153146,0.04227943554687523,2.0164955181958013,4.1478624431954785,1.019608,1.039216,1.058824,0.03921599999999992,1.0017617032570272,1.2149532571076094,1.2128166340931508,1.0450368593750003,0.05702728115529092,1.196078,0.980392,0.21568599999999993,0.054569636126898836,1.0465916817213523,0.044768681640625106,1.137787501856422,0.3972527445088292,1.0,1.019608,1.058824,0.05882399999999999,1.00148781579559,1.1445318787275427,1.1428315558869953
9.0,1.0412499999999993,0.051462972125597264,1.2,0.96,0.24,0.049424222929745305,1.0425209830022608,0.03921874999999976,0.887177100862917,0.7455343058626309,1.0,1.04,1.08,0.08000000000000007,1.001220631934945,1.152460984393758,1.1510559687194302,1.022569421875,0.05097517242853518,1.296296,0.962963,0.3333329999999999,0.04985008483342506,1.0238391918450334,0.03580725585937501,2.6201854998943115,12.021572017850104,1.0,1.0,1.037037,0.03703699999999999,1.0012417445142305,1.2676850806110458,1.2661128918731654,1.0085685312500001,0.05044091317849305,1.225806,0.935484,0.29032199999999997,0.05001238053300906,1.009829078582144,0.03375434277343753,2.1308699073418005,6.081410640378235,0.967742,1.0,1.032258,0.0645159999999999,1.0012498380557062,1.2153918767233,1.2138747298910222,1.017578125,0.03741649230599222,1.125,0.96875,0.15625,0.03677014215099427,1.0182657975081948,0.0313720703125,0.5759783253927198,-0.11567405852083024,1.0,1.0,1.03125,0.03125,1.0006757933285906,1.1055662188099808,1.104819589102369,1.0450891093749999,0.05121108424486746,1.257143,1.0,0.2571429999999999,0.04900164376939445,1.0463430707391177,0.03507267480468752,2.245548260158112,5.708093378461579,1.028571,1.028571,1.057143,0.028572000000000042,1.0011998607131862,1.202905081224907,1.2014634923820702,1.024915515625,0.049491680376286554,1.243243,0.972973,0.2702700000000001,0.048288546345311406,1.0261097605009557,0.034984656738281245,2.0257727480398913,6.014632546467937,1.0,1.0,1.054054,0.054054000000000046,1.0011652129934119,1.2130199816926983,1.2116082000750465,1.0141006093749998,0.03803145910074694,1.121951,0.95122,0.17073099999999997,0.03750264889810697,1.0148134990312647,0.029058574218749945,1.294765396933034,1.420389480552367,1.0,1.0,1.02439,0.024389999999999912,1.0007029772486817,1.1063507798220034,1.105573586743779,1.0197173749999997,0.03108796077538498,1.142857,0.97619,0.166667,0.03048684031238066,1.0201911517858124,0.02207745703125005,1.7079532004942846,3.7839254718772075,1.0,1.02381,1.02381,0.02381000000000011,1.0004646157822041,1.120758582739654,1.1202381024374353,1.0241167656249996,0.039773698584044746,1.195652,0.978261,0.2173909999999999,0.0388370739734659,1.0248888216451895,0.02954091845703114,1.6216414622347817,4.5339781428715495,1.0,1.021739,1.043478,0.043477999999999906,1.0007538749936573,1.1674957779548853,1.1666162951028143,1.0117187656249995,0.03143927338176239,1.125,0.979167,0.145833,0.03107511143409548,1.0122071372147832,0.022582868652343734,1.7631845247089188,3.868223330051621,1.0,1.0,1.020833,0.0208330000000001,1.0004827147685473,1.1119690947958447,1.1114325898704693,1.0318628750000003,0.03474862252867907,1.196078,0.980392,0.21568599999999993,0.03367562044392678,1.0324477999254524,0.025428984374999984,1.8674021739157873,6.575825586016333,1.014706,1.019608,1.039216,0.02450999999999981,1.0005668630392892,1.159144329133849,1.1584876253175826,1.0132665312500002,0.03618262795526362,1.169811,0.981132,0.18867899999999993,0.03570889478667325,1.0139123462692208,0.02584211816406257,2.3287823209247693,7.093017682182352,1.0,1.0,1.037736,0.03773599999999999,1.0006373594698956,1.1544948578898397,1.1537594983475858,1.0259486093749999,0.036668304046895014,1.160714,0.982143,0.17857100000000004,0.03574087796583989,1.0266036789336825,0.028477237304687462,1.427207807496728,2.0245747203485642,1.0,1.017857,1.035714,0.035714000000000024,1.000638501336906,1.1313568627059187,1.1306349507782942,1.0378290000000006,0.04705652024228418,1.210526,0.982456,0.22807,0.045341304051326525,1.038895254266912,0.033631343750000264,1.774597712862403,3.490018056267237,1.017544,1.017544,1.052632,0.03508800000000001,1.0010273891622912,1.1664021722268305,1.165205053183343,1.0317621874999998,0.0337804108114428,1.147541,0.983607,0.1639339999999999,0.03274050088353602,1.0323150331702893,0.02558281835937494,1.1723172975449772,1.5189933987373383,1.016393,1.016393,1.04918,0.0327869999999999,1.0005358266439566,1.1122146303699467,1.1116189952943396,1.03377009375,0.040795406345536744,1.209677,0.983871,0.22580599999999984,0.03946274572284389,1.034574729978836,0.02843051269531252,2.2714280469081816,6.304201608613243,1.016129,1.016129,1.048387,0.0322579999999999,1.0007783512346706,1.1701605679188278,1.1692504803637973,0.9648437656250001,0.13882313244306388,1.5,0.75,0.75,0.143881462874083,0.9747796439025254,0.10176591455078124,1.407403104771589,3.6251963046699363,0.8958335,0.916667,1.0,0.10416650000000005,1.0102979141613555,1.5546558452687311,1.5388093189910672,1.0456731562500003,0.06743636850214306,1.288462,0.980769,0.307693,0.06449086705446641,1.0478454148864678,0.04822706835937515,1.8188763827843795,3.1527811491648707,1.0,1.019231,1.057692,0.05769200000000008,1.0020773782165908,1.23218425594924,1.2296298496850346,1.0381611718750003,0.055704183451670226,1.192308,0.980769,0.21153899999999992,0.053656585278626934,1.0396545459155606,0.03929730322265636,1.7186371229539166,2.1270017122663187,1.0,1.019231,1.038462,0.038461999999999996,1.001438479959584,1.1484806331627664,1.1468309398387775,1.0486778906249998,0.07639304921304135,1.269231,0.961538,0.307693,0.07284701040804054,1.0514567115453521,0.057917568359374956,1.4547917329980162,1.0336735978834035,1.0,1.019231,1.057692,0.05769200000000008,1.0026498326561422,1.2103153993678202,1.2071167420050795,1.0366586875000001,0.08220441943048037,1.307692,0.942308,0.36538400000000004,0.07929747796618003,1.0399128814199414,0.05575802929687506,2.0071642445303235,3.355058641425239,1.0,1.0096155,1.038462,0.038461999999999996,1.0031391179750677,1.2614489375993387,1.2575014920619327,1.0487134218750003,0.05347320110339285,1.235294,0.980392,0.25490199999999985,0.05098933606455406,1.050075818432658,0.03786574951171885,1.783151395852206,2.731115320564961,1.019608,1.039216,1.058824,0.03921599999999992,1.0012991123497035,1.1779137886796673,1.1763855317074137,1.0548408281250004,0.06514074060820987,1.333333,0.960784,0.37254900000000013,0.061754094903587284,1.0568502679028957,0.04575481103515634,1.8845087078182166,4.706286953753772,1.019608,1.039216,1.06372575,0.044117749999999845,1.0019049696639701,1.2640134553475948,1.2616101263291801,1.0560662968750003,0.06648137346084232,1.254902,0.980392,0.2745099999999999,0.06295189388920655,1.05815679197958,0.04899083642578135,1.5673376676644495,1.4681170071479999,1.019608,1.039216,1.058824,0.03921599999999992,1.0019795112397447,1.188279565130876,1.1859319994084738,1.0689339531250002,0.07827736214765209,1.27451,0.980392,0.294118,0.07322937204755288,1.0717962220348767,0.0589669936523438,1.380939049389339,0.8024024232919542,1.019608,1.039216,1.078431,0.05882299999999985,1.0026776854655133,1.1923187548435559,1.1891346263380718,1.0631129218750004,0.07945624902271389,1.333333,0.980392,0.35294100000000006,0.07473923737337121,1.0660780366213158,0.057080969238281515,1.8011664279297428,2.3776370084095593,1.019608,1.039216,1.058824,0.03921599999999992,1.0027890872975995,1.2541781522591369,1.2506898690321828,1.0585173281250004,0.0695397934627754,1.294118,0.980392,0.31372600000000006,0.06569547008356905,1.060799093521358,0.04861749316406262,1.7932328565665285,2.4493227384072656,1.019608,1.039216,1.058824,0.03921599999999992,1.0021556240372553,1.2225761124688717,1.219946366756529,1.0505516250000007,0.06031645032464713,1.27451,0.980392,0.294118,0.05741407550975621,1.0522817070394728,0.04000075781250023,1.999058406539597,4.104076526643279,1.019608,1.039216,1.058824,0.03921599999999992,1.0016468320054925,1.2131816939505464,1.211187072315219,1.0698530468750007,0.08650772810066411,1.470588,0.960784,0.509804,0.08085944920505655,1.0733448322551609,0.061121189453125266,2.3129583859690817,6.933713782763193,1.019608,1.039216,1.078431,0.05882299999999985,1.003263799070685,1.3745700910003766,1.3700983652291947,1.0575982343750003,0.05901465425445777,1.235294,0.980392,0.25490199999999985,0.05580063613602111,1.0592434822881334,0.04197304296875004,1.6673402364046797,1.95908036493877,1.019608,1.039216,1.058824,0.03921599999999992,1.0015556454801622,1.1680182132017372,1.166204013199656,1.0643383281250003,0.07558151369714496,1.294118,0.980392,0.31372600000000006,0.07101267679638457,1.0670185761872528,0.05800002392578138,1.3009592357540862,0.8283968376501551,1.014706,1.039216,1.078431,0.06372499999999981,1.0025182293932553,1.2158896901512444,1.2128354921656896,1.0591300468750005,0.07250021875795222,1.313725,0.980392,0.333333,0.0684526125680851,1.0616085615298096,0.05013007617187529,1.7784315442986014,2.5111324051252684,1.019608,1.039216,1.058824,0.03921599999999992,1.0023401419515217,1.2403812014173243,1.2374853101287004
